1 0 0 0 0 1 0 0  0 0 1 0
9.999598715811696126e-01 -5.019576571308861750e-03 -7.420180484007673528e-03 -3.714608016293569678e-03 5.004484507706232106e-03 9.999853739722561752e-01 -2.051091509138564320e-03 -5.593622328903621876e-02 7.430367567126934178e-03 2.013875023802842550e-03 9.999703665335319958e-01 1.667147566525795543e+00
9.999281496323005891e-01 -3.329357104268617848e-03 -1.151568296695865655e-02 -1.453938180832523019e-02 3.290087611114802559e-03 9.999887142231190795e-01 -3.427353192204118677e-03 -6.664671067471941712e-02 1.152696388622936191e-02 3.389219329753925727e-03 9.999278185428690513e-01 2.347311702851614168e+00
9.998679618535123437e-01 -2.959770544761231807e-03 -1.597806675493901665e-02 -2.510845081986376112e-02 2.872063906751117120e-03 9.999806989793650347e-01 -5.509348206075326791e-03 -6.180594430249015253e-02 1.599406476848404951e-02 5.462730733123345728e-03 9.998571640315027098e-01 3.039790627679137991e+00
9.997961244506857748e-01 -2.380092175519235749e-03 -2.005105220741682306e-02 -6.027306895316979218e-02 2.273983875778959590e-03 9.999833001304576641e-01 -5.313045974917786005e-03 -7.502130174401144824e-02 2.006336289661387468e-02 5.266367005339088643e-03 9.997848402770688203e-01 3.749611676425434137e+00
9.996954203644569104e-01 -3.858012084983860300e-03 -2.437585373036261355e-02 -8.360471469598507177e-02 3.726254984591405826e-03 9.999782150576427275e-01 -5.448342309407111159e-03 -8.610302582506879077e-02 2.439634247426704719e-02 5.355852208825797288e-03 9.996880179941117772e-01 4.478206287620503545e+00
9.995823053052569351e-01 -2.076929485992760720e-03 -2.882535835923627499e-02 -1.103749564669973537e-01 1.899768673097832926e-03 9.999791482338038495e-01 -6.172031803598103557e-03 -1.014429989581789593e-01 2.883757617444469151e-02 6.114692265856342714e-03 9.995654079343067044e-01 5.214885120564579424e+00
9.994382466738295223e-01 3.828804329930267890e-04 -3.351185593361601101e-02 -1.447145707560010541e-01 -6.145188978667323393e-04 9.999759913475606554e-01 -6.902108010389252507e-03 -1.099769925450268943e-01 3.350840867701080500e-02 6.918824397030702220e-03 9.994144867955925271e-01 5.961471363930498590e+00
9.992817249036771710e-01 -7.921704380832820527e-05 -3.789496006319111737e-02 -1.829607158766671238e-01 -1.262040285636362516e-04 9.999853125123661091e-01 -5.418379101571639198e-03 -1.122217156279310402e-01 3.789483270940852133e-02 5.419269711422845977e-03 9.992670379681901638e-01 6.737281948562471534e+00
9.991214531356077400e-01 -1.310205007057776722e-03 -4.188800839179414315e-02 -2.351652244022944815e-01 1.212840377001689601e-03 9.999965038831662989e-01 -2.349731828151131741e-03 -1.302860522036649593e-01 4.189094057682939132e-02 2.296864010731709382e-03 9.991195491598111600e-01 7.491274183917026264e+00
9.989761820736449138e-01 -1.313228565450455607e-03 -4.522016232057517876e-02 -2.761836765385672354e-01 1.313200132225227339e-03 9.999991372922115707e-01 -3.033554189166456336e-05 -1.373544960654285441e-01 4.522016314628914124e-02 -2.907863931844841611e-05 9.989770447810376597e-01 8.273685448050741797e+00
9.988911785501076723e-01 1.329723657115178183e-04 -4.707861226848945868e-02 -3.295357876757578630e-01 -1.447942852645115396e-04 9.999999588396522032e-01 -2.477000373254332750e-04 -1.531615818275695318e-01 4.707857739345748527e-02 2.542420962256778804e-04 9.988911566890379401e-01 9.076402961448238216e+00
9.987846165457041625e-01 -7.056724391815357182e-04 -4.928277364413522627e-02 -3.738961147706645338e-01 6.754115225809816363e-04 9.999995730329674926e-01 -6.306767454828227613e-04 -1.581398285595916053e-01 4.928319765321297757e-02 5.966240782174632397e-04 9.987846667168971404e-01 9.879807651799030310e+00
9.987097491397380900e-01 -2.773431822782315183e-03 -5.070645963943350848e-02 -4.118139213004159416e-01 2.707937492024158066e-03 9.999954083316209275e-01 -1.360290488573946601e-03 -1.645382045854513753e-01 5.070999948511546035e-02 1.221225449455534684e-03 9.987126736757778733e-01 1.069989179019997394e+01
9.985778022928269992e-01 -1.610411797275005524e-03 -5.328958004967482287e-02 -4.322901844345332645e-01 1.598877041978778377e-03 9.999986882325714310e-01 -2.590855859627297711e-04 -1.901771565559242927e-01 5.328992738062363066e-02 1.735136289183986189e-04 9.985790672414419644e-01 1.152022102905138468e+01
9.984595056090702636e-01 -2.775255565093514426e-03 -5.541582459405568206e-02 -4.674966966583120609e-01 2.722634380218453328e-03 9.999957682647344637e-01 -1.025043733172709614e-03 -1.906504027111035893e-01 5.541843484728151137e-02 8.725876298034665121e-04 9.984628363989849209e-01 1.236903138788316170e+01
9.983225060982831023e-01 -9.871040136856504190e-04 -5.788954519867461207e-02 -5.071235836555316734e-01 8.100449190507095576e-04 9.999949226798133806e-01 -3.081954221447825819e-03 -1.996074915005109363e-01 5.789229348430025707e-02 3.029891130081775914e-03 9.983182368938612328e-01 1.318901076183835031e+01
9.982842378753793433e-01 -1.759275714353289986e-04 -5.855381677621394193e-02 -5.785150484674861371e-01 -1.409504385179616997e-04 9.999853690772239068e-01 -5.407565483833288132e-03 -2.124025611323132334e-01 5.855391141970548580e-02 5.406540573941367132e-03 9.982696072587182723e-01 1.407331824543951804e+01
9.981850701654177982e-01 4.079526167676362364e-03 -6.008263613646771389e-02 -6.589056568482027920e-01 -4.511005741155675250e-03 9.999649908375144447e-01 -7.047547554462725225e-03 -2.232145933476378241e-01 6.005178203903037415e-02 7.305789866701001799e-03 9.981685273080695975e-01 1.499799374624945614e+01
9.981582278642330275e-01 4.055376244900608766e-03 -6.052855582653843269e-02 -7.409995494569849850e-01 -4.432976207027356126e-03 9.999715360197052316e-01 -6.105396984482112932e-03 -2.430513659289850470e-01 6.050207326102165217e-02 6.362473882263179614e-03 9.981477936945087892e-01 1.594640474822510257e+01
9.980616231939770655e-01 3.295823669963789115e-03 -6.214606869095731789e-02 -7.938741973813795427e-01 -3.578753872836417781e-03 9.999837308739840669e-01 -4.441903653018031660e-03 -2.699248444917560219e-01 6.213041789753514371e-02 4.655699054011864547e-03 9.980571805453815060e-01 1.691279793871025205e+01
9.980087590404804754e-01 3.968678260989186649e-03 -6.295050811027404214e-02 -8.631180602577847027e-01 -4.152405120997237908e-03 9.999874921251054039e-01 -2.788032469438791409e-03 -2.876799429247645090e-01 6.293865592934198838e-02 3.043876837235677535e-03 9.980127556317140991e-01 1.785436231393774520e+01
9.979516352978706761e-01 3.448535613745983691e-03 -6.387989674714711352e-02 -9.142485494459042794e-01 -3.618283132875346492e-03 9.999902236021871449e-01 -2.541796061033944638e-03 -3.089290911598219225e-01 6.387050675762527552e-02 2.767725088632563488e-03 9.979543567039314000e-01 1.882957744934746458e+01
9.977876595167420870e-01 2.364355852145758746e-03 -6.643941855183582712e-02 -9.592915988824894935e-01 -2.580586662610963658e-03 9.999916492140784596e-01 -3.168923252747630256e-03 -3.189136462496925950e-01 6.643137126823749072e-02 3.333365192933758839e-03 9.977854286307811238e-01 1.977272370583214212e+01
9.977350663759350091e-01 1.357520510480646333e-03 -6.725246807271655081e-02 -1.018006452168831899e+00 -1.629046959259755276e-03 9.999907419370457351e-01 -3.982743551714169536e-03 -3.350669822290047728e-01 6.724643878907425598e-02 4.083280330544457153e-03 9.977280407465397571e-01 2.065425482468459606e+01
9.976884523417799411e-01 2.769446264574026376e-03 -6.789758634333520337e-02 -1.060536297074271328e+00 -2.934184073576945155e-03 9.999929885797649298e-01 -2.326661799565105365e-03 -3.445416234705017677e-01 6.789066671999507974e-02 2.520507626413797525e-03 9.976895831939006642e-01 2.147874546911473814e+01
9.976611897948606256e-01 1.633056510519811022e-03 -6.833361913096330786e-02 -1.118507209861107077e+00 -1.567219689938274818e-03 9.999982547040391356e-01 1.017060133879956569e-03 -3.457098891550454134e-01 6.833516078524749793e-02 -9.075876298727881056e-04 9.976620079391356199e-01 2.230234815713434315e+01
9.977347893957878577e-01 5.505590471495286917e-04 -6.726802296839921869e-02 -1.183478361147740854e+00 -2.150354078883713843e-04 9.999875017830438528e-01 4.995001248984182012e-03 -3.461081748731076324e-01 6.726993228118251233e-02 -4.969221512430050877e-03 9.977224378796162307e-01 2.317598107173873601e+01
9.978558620576887250e-01 -7.001210808433248195e-04 -6.544607236173660691e-02 -1.255556616501922296e+00 1.217871384444623199e-03 9.999682773382200240e-01 7.871537748158229444e-03 -3.514730494260976390e-01 6.543848520860250095e-02 -7.934364984161704562e-03 9.978250600711030538e-01 2.404903995969378983e+01
9.979525446557701018e-01 -1.648738319307416298e-03 -6.393747161896543019e-02 -1.327477689549448669e+00 2.198945181116268143e-03 9.999611501289558113e-01 8.535975214540690234e-03 -3.490468906703315666e-01 6.392091406700967093e-02 -8.659093181578725665e-03 9.979173998132858658e-01 2.497156088546019248e+01
9.979899295635822343e-01 -1.306763383080529820e-03 -6.335923657317245328e-02 -1.376503898695944361e+00 1.660773846708514436e-03 9.999833026076230258e-01 5.535010043179466876e-03 -3.502757391909523954e-01 6.335094569068966397e-02 -5.629109646174512531e-03 9.979754359725919732e-01 2.599742272457855563e+01
9.980640505829455611e-01 -9.336419694785488463e-05 -6.219439055967256741e-02 -1.456195997852020696e+00 1.265902870954422471e-04 9.999998513839657432e-01 5.302894897256634280e-04 -3.499335869967756807e-01 6.219433180653689830e-02 -5.371360818538110709e-04 9.980639140736260462e-01 2.702135956075315448e+01
9.981247113340468990e-01 -2.186462172033094929e-03 -6.117417762009182830e-02 -1.519897561775769290e+00 2.041118132735345470e-03 9.999949442651698828e-01 -2.438294663286617609e-03 -3.496826603864549576e-01 6.117919957871724435e-02 2.308858433744785752e-03 9.981241279077660566e-01 2.806240894527418561e+01
9.981295946700643462e-01 -4.004841942381594071e-03 -6.100224163740727151e-02 -1.544271658550244064e+00 3.920747539333040502e-03 9.999911915546081387e-01 -1.498182874205483206e-03 -3.694939322080784683e-01 6.100770428810532719e-02 1.256206276178712658e-03 9.981365046742278757e-01 2.903014219780164851e+01
9.980964825758330550e-01 -8.468415534262530020e-03 -6.108762074338711795e-02 -1.634519262529587902e+00 8.683683655769219509e-03 9.999569843772524447e-01 3.259299512888607676e-03 -3.749361419698842846e-01 6.105739191871325383e-02 -3.783560953294396161e-03 9.981270858756391418e-01 3.002473190585821072e+01
9.980049027955667507e-01 -1.209035944865360229e-02 -6.196803373040565832e-02 -1.687129981307418536e+00 1.253407993269846192e-02 9.998984811730528000e-01 6.776738748063107151e-03 -3.932777640471060709e-01 6.187980960095978283e-02 -7.539930783580703171e-03 9.980551280402929493e-01 3.100344245252314579e+01
9.978003919360663998e-01 -1.988909985646186707e-02 -6.323607798663506696e-02 -1.726733673667487867e+00 2.028837215881679201e-02 9.997780459784764151e-01 5.678092514313164141e-03 -4.047066792805395496e-01 6.310911033580948737e-02 -6.948560020287720615e-03 9.979824435861908150e-01 3.196113571589390290e+01
9.976868740190173446e-01 -2.099816213030966661e-02 -6.465275398086621494e-02 -1.783155870854574943e+00 2.114888955904505735e-02 9.997749793569441490e-01 1.647762797650319808e-03 -4.128672655095259048e-01 6.460360578621307526e-02 -3.011285268342022044e-03 9.979064616888947414e-01 3.293977179609986905e+01
9.976469157723525383e-01 -1.978176108304110364e-02 -6.564536067662764263e-02 -1.868788560235148388e+00 1.967648806181202317e-02 9.998038677144064357e-01 -2.249871299443753289e-03 -4.211781359219405330e-01 6.567699191851300577e-02 9.529070071078358205e-04 9.978404805883397399e-01 3.393082416692347181e+01
9.975078475105610964e-01 -1.936101903500010019e-02 -6.784721878435280573e-02 -1.933111205470134264e+00 1.920616759586330977e-02 9.998112396648197731e-01 -2.933967650360472940e-03 -4.206292480418301616e-01 6.789121652412101471e-02 1.623570700691255413e-03 9.976914085713336489e-01 3.492780707769260573e+01
9.973826814337098945e-01 -1.962447965324554469e-02 -6.958927054108630939e-02 -1.985000874047959440e+00 1.953342718027472127e-02 9.998072264976914925e-01 -1.988734669043795440e-03 -4.278926170571001331e-01 6.961488345672912914e-02 6.242125682284814861e-04 9.975737458253263190e-01 3.590706679700873138e+01
9.973478235731179087e-01 -1.725528311114608165e-02 -7.070766591196414597e-02 -2.069183971370564645e+00 1.737996917819186957e-02 9.998482972825326609e-01 1.148517558647841469e-03 -4.357612259925499609e-01 7.067712137126669347e-02 -2.374368541664627179e-03 9.974964194866549061e-01 3.690878545466360094e+01
9.973416711478014784e-01 -1.675741557204653981e-02 -7.091389155486751972e-02 -2.172034355222948854e+00 1.698128226037395536e-02 9.998525427505934315e-01 2.555153217272352999e-03 -4.491641188598985979e-01 7.086061702316177879e-02 -3.752569588427717880e-03 9.974791682920390867e-01 3.790870102058879354e+01
9.972760419868966775e-01 -1.598126983727815587e-02 -7.200760441325872174e-02 -2.245804852570801202e+00 1.640095411319085830e-02 9.998517603453223046e-01 5.240805141783813278e-03 -4.585268638287456344e-01 7.191317530971066962e-02 -6.407522824405279850e-03 9.973903142040866365e-01 3.891122744453132043e+01
9.973629837365011186e-01 -1.467625091586848354e-02 -7.107521601287873636e-02 -2.318151062505005910e+00 1.532159590625637932e-02 9.998461205451047995e-01 8.543063255441950624e-03 -4.880031044796580564e-01 7.093889885745487123e-02 -9.609520797396334593e-03 9.974343736501832813e-01 3.988564015514121763e+01
9.974258374470631461e-01 -8.381761712901926453e-03 -7.121407770667911863e-02 -2.392084309100911632e+00 9.205241092522912366e-03 9.998944223056789316e-01 1.124312138230763522e-02 -4.971774234338842136e-01 7.111232192421569620e-02 -1.186972251473874390e-02 9.973976876642370870e-01 4.085187251143589293e+01
9.973836501656953013e-01 -9.036709719362703494e-03 -7.172302461274832064e-02 -2.454766357357307527e+00 9.834838005332736249e-03 9.998935002840372288e-01 1.078258091284478928e-02 -5.024021080809163431e-01 7.161794707726397424e-02 -1.145975423737887085e-02 9.973663036664385251e-01 4.181892934685352259e+01
9.974177336754973533e-01 -9.044221000594526022e-03 -7.124652002817970231e-02 -2.523139437776054095e+00 9.732126236555185828e-03 9.999092628103062319e-01 9.314068126365929873e-03 -5.101984474784997392e-01 7.115581682862726076e-02 -9.983396848728544326e-03 9.974152502938827825e-01 4.276073014942153350e+01
9.974271848220761516e-01 -9.581922199739953405e-03 -7.104363268347846372e-02 -2.631792326312661690e+00 1.011458348004909066e-02 9.999233426686631176e-01 7.141707593371144497e-03 -4.986106915329380218e-01 7.096975538165532782e-02 -7.841910053181537846e-03 9.974476418678740464e-01 4.369974728886209903e+01
9.973584001248220199e-01 -1.000317373818605804e-02 -7.194552255434952248e-02 -2.705638501778881988e+00 1.054540321019186572e-02 9.999187556119510933e-01 7.160771367524570476e-03 -5.022498987998826880e-01 7.186804694430780349e-02 -7.900550019277433056e-03 9.973828578523897814e-01 4.464220493405249357e+01
9.972345460346193624e-01 -1.183853916290224240e-02 -7.336967483650248811e-02 -2.767699244127465263e+00 1.247573528112187226e-02 9.998882845503606065e-01 8.232523800665926192e-03 -5.100233367655302441e-01 7.326401725486440808e-02 -9.125097775998401370e-03 9.972708340096255730e-01 4.559918424290258088e+01
9.971258238054916401e-01 -1.215280001778797081e-02 -7.478235722378660799e-02 -2.847434732870254948e+00 1.288002399940718808e-02 9.998742638599201760e-01 9.249943370307186011e-03 -5.049229061320411605e-01 7.466054166688788907e-02 -1.018655595904623123e-02 9.971569774091223470e-01 4.660790254465361215e+01
9.972214013447842085e-01 -9.221295342057150846e-03 -7.392188046958092507e-02 -2.967375004215111911e+00 9.745631491298029428e-03 9.999298250968812196e-01 6.735543671601340598e-03 -5.305725322346557249e-01 7.385458257129531856e-02 -7.437243705213554719e-03 9.972412887758336231e-01 4.761231919268156076e+01
9.971435571671158904e-01 -8.029551153896162530e-03 -7.510161588392828824e-02 -3.036213654580199428e+00 8.238759169558566853e-03 9.999629947913925010e-01 2.476266377289419295e-03 -5.399570212086493015e-01 7.507895342541850980e-02 -3.087937190456030521e-03 9.971728111999685895e-01 4.862180893825988903e+01
9.971546655336345211e-01 -5.067790861649624883e-03 -7.521230285190688702e-02 -3.116566281695714480e+00 5.188400106838313500e-03 9.999855485258294374e-01 1.408276898457341266e-03 -5.653311712272390821e-01 7.520407907045816021e-02 -1.794501399812318881e-03 9.971665489053909148e-01 4.959456312219202800e+01
9.972118269194861773e-01 -7.109799651258816820e-03 -7.428339653528372166e-02 -3.218119451008699006e+00 7.477999349096919705e-03 9.999610890598805701e-01 4.679732033766779986e-03 -5.700742684628689050e-01 7.424723414130751653e-02 -5.222175321825722229e-03 9.972261915469684546e-01 5.056565300029915022e+01
9.971482890214661277e-01 -9.637095458087835062e-03 -7.484928919296944538e-02 -3.275335677757310826e+00 1.023600696097235960e-02 9.999185608211181853e-01 7.622065790437747290e-03 -5.774637681060517114e-01 7.476973895270733195e-02 -8.366487706947057026e-03 9.971657274597790499e-01 5.150509535894289570e+01
9.971578747854048519e-01 -1.078540997177668270e-02 -7.456438617190908058e-02 -3.351107370784340844e+00 1.142313129145270008e-02 9.999016910648075296e-01 8.131437587009082008e-03 -5.836473919495568374e-01 7.446935493846539023e-02 -8.960085796120382737e-03 9.971830484106578574e-01 5.244323216125609122e+01
9.972283928091666416e-01 -1.126409062097279319e-02 -7.354354382083366781e-02 -3.440797989282836422e+00 1.177815422841836310e-02 9.999091168561040632e-01 6.559962729470478725e-03 -6.035300881786987981e-01 7.346296793770296096e-02 -7.407988291224085545e-03 9.972704317542250285e-01 5.342189253549793193e+01
9.971579023109324869e-01 -1.315488938514507850e-02 -7.418265797423770347e-02 -3.494411038164589201e+00 1.357138454792777837e-02 9.998948310521014182e-01 5.113155262341764068e-03 -6.203537930689662083e-01 7.410759327026100740e-02 -6.105384553742574522e-03 9.972315623259914164e-01 5.440324795567480010e+01
9.970229698919865768e-01 -1.524338148841095260e-02 -7.558331051600561401e-02 -3.569087778971775204e+00 1.573774119380839942e-02 9.998584548203597322e-01 5.949271077572715512e-03 -6.188988541678894784e-01 7.548192505412736064e-02 -7.121070497926175295e-03 9.971217424893934478e-01 5.536402861848353041e+01
9.968622022486425260e-01 -1.781699112786172545e-02 -7.712525238294942742e-02 -3.642809177461135306e+00 1.859894206204419642e-02 9.997825322171893792e-01 9.432265239728624545e-03 -6.240216360023610465e-01 7.694042553922306182e-02 -1.083711679966018610e-02 9.969767940214615543e-01 5.632487050298015419e+01
9.968061623092641099e-01 -1.890513821271700909e-02 -7.758911348528566010e-02 -3.721047916027854008e+00 2.010000422506971404e-02 9.996906665318220364e-01 1.464790358066802092e-02 -6.452017710211328527e-01 7.728819193399927290e-02 -1.616066206299545185e-02 9.968778101599297115e-01 5.734988468105792236e+01
9.968155698658117680e-01 -1.728765794624086485e-02 -7.784508048572047478e-02 -3.801637963538122555e+00 1.866887684343198142e-02 9.996803260789692835e-01 1.705047471613973728e-02 -6.519398300917520483e-01 7.752543266889494467e-02 -1.844945889110638851e-02 9.968196550811606604e-01 5.835294539065706942e+01
9.967553688467394313e-01 -1.499373732049706122e-02 -7.908174578473665950e-02 -3.895103062158823182e+00 1.612002129424035604e-02 9.997772563786617717e-01 1.362286832587890177e-02 -6.618494639478309516e-01 7.885987312106880476e-02 -1.485346656894763993e-02 9.967750473111834930e-01 5.930257341290213446e+01
9.966990923212293296e-01 -1.198719533775409289e-02 -8.029462319464132636e-02 -3.979194411715603064e+00 1.249068657434224301e-02 9.999053335843565149e-01 5.771188651722321955e-03 -6.620866612309803667e-01 8.021784162476879032e-02 -6.755073462715385432e-03 9.967544666905560069e-01 6.028585009597265554e+01
9.966897412011460622e-01 -9.432092699606346373e-03 -8.075020378733438475e-02 -4.066301659755572118e+00 9.575076586250537772e-03 9.999532006273953444e-01 1.383641352001860727e-03 -6.782279194794269550e-01 8.073337409496433859e-02 -2.152250526661002653e-03 9.967334097565462292e-01 6.126873169307581435e+01
9.966371047846397380e-01 -3.857477733222593966e-03 -8.185109181939020928e-02 -4.145406139807571222e+00 4.108086222949569773e-03 9.999873753511728802e-01 2.893573198082347812e-03 -6.980211188541484146e-01 8.183889658391882427e-02 -3.220093757255849433e-03 9.966403694423175974e-01 6.222111210505849499e+01
9.965248940795882193e-01 -1.323904063691092427e-03 -8.328494916665961367e-02 -4.195384430113850094e+00 1.788282278225375443e-03 9.999832680451307132e-01 5.501424930754288296e-03 -7.159154630409820808e-01 8.327627228782699675e-02 -5.631243895044359127e-03 9.965105877842123094e-01 6.314665785630057115e+01
9.965008622936332161e-01 1.328492574713217899e-03 -8.357192444548719457e-02 -4.301665428057558138e+00 -7.397134943268267836e-04 9.999746929917507909e-01 7.075747310052078048e-03 -7.150817558434030552e-01 8.357920956786782374e-02 -6.989169015579564485e-03 9.964766265419778835e-01 6.405779453238986321e+01
9.963894367944614583e-01 2.899412423144918059e-03 -8.485094962352704440e-02 -4.365960813080963732e+00 -2.317918433518100299e-03 9.999731561968742133e-01 6.950837344713674780e-03 -7.361297771151725788e-01 8.486882524548888806e-02 -6.729063326915314669e-03 9.963694105140882273e-01 6.492175881127403159e+01
9.962399902749797809e-01 3.620639556128286366e-03 -8.656080375152826190e-02 -4.442318348760839086e+00 -2.960718160634153318e-03 9.999655778119627136e-01 7.750957305791538084e-03 -7.371221352095668200e-01 8.658588756188413671e-02 -7.465531487277314929e-03 9.962164172079938096e-01 6.575032041166707586e+01
9.960931067996007249e-01 3.856333468283967576e-03 -8.822500370359356858e-02 -4.505872601561100588e+00 -3.123291033441486821e-03 9.999594599826580055e-01 8.445320852798697195e-03 -7.475976343779925370e-01 8.825399503386850697e-02 -8.136773523190938412e-03 9.960647696195226164e-01 6.657989675206242453e+01
9.958942630156559783e-01 1.993556209236614640e-03 -9.050216917921018178e-02 -4.575781690224932419e+00 -1.180481206199176592e-03 9.999584715953165892e-01 9.036677977893970565e-03 -7.577638704067322095e-01 9.051642589399751249e-02 -8.892739645068202178e-03 9.958552584713200595e-01 6.740251102672895911e+01
9.958078583008047602e-01 1.829194687726137022e-03 -9.145142641400950956e-02 -4.665347885207084211e+00 -9.278487737140612415e-04 9.999505875646933495e-01 9.897551498893810903e-03 -7.586254495290783995e-01 9.146501212494144439e-02 -9.771206466682719541e-03 9.957603502254785965e-01 6.824336583251157151e+01
9.957167744205227544e-01 4.833729457845072769e-03 -9.232951964088345620e-02 -4.735384887862436720e+00 -3.647315083391874501e-03 9.999086596319022302e-01 1.301420323378398892e-02 -7.751353504962155139e-01 9.238399336611476109e-02 -1.262170561596800619e-02 9.956434554181891050e-01 6.908591072237739183e+01
9.955578728573651892e-01 5.325043960001302201e-03 -9.400088137108036923e-02 -4.821369188104907444e+00 -3.740991089037905889e-03 9.998481566933129505e-01 1.701965166070681587e-02 -7.751792988098205051e-01 9.407723835969870885e-02 -1.659239174453566029e-02 9.954266249999577099e-01 6.994552320430874204e+01
9.954395803377662499e-01 8.315698769461607118e-03 -9.503100047324082589e-02 -4.919831862842275250e+00 -6.510953776272265965e-03 9.997928181488114907e-01 1.928544163290972849e-02 -7.811819881936639121e-01 9.517168369789785753e-02 -1.857874947429797099e-02 9.952874864530734111e-01 7.079730116545734120e+01
9.952685292039915588e-01 1.131383607937552944e-02 -9.650156418053616736e-02 -5.010405714257490040e+00 -9.893494565794856352e-03 9.998357666970664193e-01 1.518414958308544720e-02 -7.787675935914097902e-01 9.665750638930035998e-02 -1.415756852196001919e-02 9.952170063419066848e-01 7.162430537064442149e+01
9.951858187212129225e-01 1.186046160906353668e-02 -9.728574236035657241e-02 -5.117870741987548655e+00 -1.112991694015973490e-02 9.999056686013122475e-01 8.048530789184842396e-03 -7.833552294877954569e-01 9.737202455064186690e-02 -6.927001471005233418e-03 9.952239474035621258e-01 7.244056756543278652e+01
9.951747436784271761e-01 1.143144485454422425e-02 -9.745025199100768032e-02 -5.228044014093372382e+00 -1.129132921937878523e-02 9.999342723281446910e-01 1.989197838297857186e-03 -7.811125932269482597e-01 9.746658621821605029e-02 -8.792565711118634480e-04 9.952384093667442366e-01 7.325647844900093730e+01
9.951379892399122573e-01 1.313049925041815183e-02 -9.761133315847757286e-02 -5.302654037290285061e+00 -1.311086759147978877e-02 9.999136938957992049e-01 8.425619581515088980e-04 -7.881077731215018201e-01 9.761397196374693719e-02 4.413038516236858369e-04 9.952242549940034655e-01 7.407637976082185105e+01
9.950225041270001070e-01 1.521438985433781581e-02 -9.848217413415819022e-02 -5.382979888522899437e+00 -1.481858044449995727e-02 9.998789193269216335e-01 4.749353559553894100e-03 -7.997430168971509934e-01 9.854250836283916237e-02 -3.266347652055531271e-03 9.951274817924452565e-01 7.487234279708916063e+01
9.947661550333006808e-01 1.492825269314251857e-02 -1.010813735155422360e-01 -5.428813863518433536e+00 -1.427767725441784520e-02 9.998724573961138562e-01 7.156596458636793785e-03 -8.189191637465914608e-01 1.011753168143170595e-01 -5.675932714795319141e-03 9.948524207415575527e-01 7.562699031210803469e+01
9.946823857889078857e-01 1.211511708773341592e-02 -1.022749986029397873e-01 -5.496005996826724527e+00 -1.179221647504457085e-02 9.999233954848582018e-01 3.761222226134019759e-03 -8.346915584857119708e-01 1.023127315239233392e-01 -2.535172573862935069e-03 9.947490527103465263e-01 7.635683394469511143e+01
9.948077125094371143e-01 4.995493462739863076e-03 -1.016496934417381037e-01 -5.571938523669033749e+00 -5.213600818732158984e-03 9.999846416407641714e-01 -1.880119435637796644e-03 -8.512745699383128528e-01 1.016387401448801825e-01 2.400318239962655024e-03 9.948184784040281503e-01 7.708580207454765798e+01
9.949226641802683124e-01 1.159652300784232756e-03 -1.006357168552623194e-01 -5.635998259705680802e+00 -1.858619124970490493e-03 9.999747972742007995e-01 -6.852032644843540632e-03 -8.756643474549229422e-01 1.006252345854632552e-01 7.004286042059792473e-03 9.948997447691192431e-01 7.780674899488781193e+01
9.952264437037025013e-01 3.370707779297142572e-03 -9.753442511207106869e-02 -5.725233870088114685e+00 -4.047423544273686530e-03 9.999690867944956985e-01 -6.741203010758438710e-03 -8.892196387683010128e-01 9.750868738491370868e-02 7.103786627257176710e-03 9.952093207461546465e-01 7.851503810269662154e+01
9.955962534274523934e-01 8.358555214107060358e-03 -9.337148770340555903e-02 -5.801686938966519769e+00 -8.736968808817798665e-03 9.999551896991605293e-01 -3.644718061278424959e-03 -8.923943489365906423e-01 9.333683912179674413e-02 4.444451422305286531e-03 9.956246688960168623e-01 7.914567809543144961e+01
9.960544176277399409e-01 7.528579859308682024e-03 -8.842464367787968016e-02 -5.845711215728173649e+00 -7.631217590249740612e-03 9.999705433801469034e-01 -8.227333108752987820e-04 -8.946087215104880919e-01 8.841584497333142278e-02 1.494274845072564957e-03 9.960825294624615633e-01 7.969482891520019052e+01
9.965373570573247131e-01 2.709523569618763755e-03 -8.310207260485340253e-02 -5.878562836429816585e+00 -2.464705996080499093e-03 9.999923161089352419e-01 3.048433603800449442e-03 -9.008301817456682015e-01 8.310969386028017880e-02 -2.833055790060649403e-03 9.965363779518223719e-01 8.024076981566805955e+01
9.971632992441070709e-01 -2.065677846048909888e-03 -7.524019946569926454e-02 -5.893526857150884091e+00 2.550226307544262681e-03 9.999766214684496779e-01 6.344514348744298080e-03 -9.129331422552940944e-01 7.522533473758805100e-02 -6.518396396158288551e-03 9.971452549764436846e-01 8.078739491460207489e+01
9.979392565771810775e-01 1.000412191281866217e-03 -6.415792513497481364e-02 -5.958659086253289772e+00 -5.985810605857191068e-04 9.999800884350875663e-01 6.282072433864531631e-03 -9.154658821191778983e-01 6.416293231213315851e-02 -6.230722975543073576e-03 9.979199848726886257e-01 8.129477667105089722e+01
9.987847800909849250e-01 5.573280638107795670e-03 -4.896837348254567956e-02 -5.994648937923075849e+00 -5.271654229281864078e-03 9.999663435337877715e-01 6.286609686433300252e-03 -9.235119606207314868e-01 4.900176242018278172e-02 -6.020825740012425084e-03 9.987805449332304297e-01 8.180499707441957469e+01
9.994710714377313954e-01 1.029091097984028563e-02 -3.084922219947863059e-02 -6.019776575686488940e+00 -1.007070034255202855e-02 9.999227505391087290e-01 7.285186950901367982e-03 -9.291533334131092392e-01 3.092181032407794947e-02 -6.970660334870491630e-03 9.994974995170194942e-01 8.231589984946548100e+01
9.999185048768823858e-01 9.654969651836943154e-03 -8.352554447410866917e-03 -6.027943297000917688e+00 -9.588144090289187418e-03 9.999219986939635874e-01 8.004000297882236936e-03 -9.337496616693515827e-01 8.429181317224483660e-03 -7.923262515329517267e-03 9.999330831677846199e-01 8.283648454940404804e+01
9.998226621163247563e-01 6.107046239691845887e-03 1.781427250397897913e-02 -5.996137848095905554e+00 -6.270971229136468664e-03 9.999383773595300617e-01 9.160589687828011793e-03 -9.376681638837879307e-01 -1.775723059666295747e-02 -9.270677958580841177e-03 9.997993475151510934e-01 8.334499028972376777e+01
9.988611464641948823e-01 4.467250399060346266e-03 4.750214477369568700e-02 -5.963188891710096584e+00 -4.995199310567428191e-03 9.999270068314748405e-01 1.100131777973291716e-02 -9.456932973041572987e-01 -4.744953180039538504e-02 -1.122607157090592563e-02 9.988105512303147027e-01 8.384301375689462077e+01
9.967832769446279828e-01 4.312414133497428047e-03 8.002813185289839315e-02 -5.900357764845725939e+00 -5.338042605308560527e-03 9.999062883948187652e-01 1.260633688413479066e-02 -9.463261734013712623e-01 -7.996626854285225627e-02 -1.299297936709086811e-02 9.967128866341077309e-01 8.434031747793775935e+01
9.930754546878723943e-01 5.006278464296555486e-03 1.173715403000587104e-01 -5.812461312127202184e+00 -6.513522472320843783e-03 9.999011365392104222e-01 1.246158788409307445e-02 -9.266569892429147304e-01 -1.172975503643316070e-01 -1.313979921948508350e-02 9.930098843188799318e-01 8.482434614599864631e+01
9.875973517380832734e-01 4.199840490010618710e-03 1.569516874065954304e-01 -5.686353336965265015e+00 -6.319553962964269411e-03 9.998954100182567695e-01 1.300893009153812792e-02 -9.325536058916451543e-01 -1.568806364011451349e-01 -1.383944956549438589e-02 9.875206000677112517e-01 8.530022262495448615e+01
9.797565849323305320e-01 3.331291976018462778e-03 2.001647740625275007e-01 -5.538661253926590256e+00 -6.097229889783023320e-03 9.998942410267551706e-01 1.320342944827211651e-02 -9.318702000564832444e-01 -2.000996203629662185e-01 -1.415659758893104275e-02 9.796732785348890582e-01 8.575467458295314316e+01
9.682516211855627386e-01 4.845789392633894667e-03 2.499306231670835599e-01 -5.415048537596065970e+00 -7.896247387467934808e-03 9.999060555310181897e-01 1.120398989605128626e-02 -9.349463029220994592e-01 -2.498528513920149352e-01 -1.282179541083100158e-02 9.681989228530047953e-01 8.621624844975801238e+01
9.530632687243904000e-01 3.902928720155241383e-03 3.027460535758981219e-01 -5.245582518557743157e+00 -7.200668506797117639e-03 9.999262742609654753e-01 9.777341951372741161e-03 -9.513649998421501719e-01 -3.026855731306503650e-01 -1.149839945315400160e-02 9.530211071264800271e-01 8.663023895731534196e+01
9.330102178299383153e-01 3.470312051587717741e-03 3.598331423857322187e-01 -5.062514429085495316e+00 -6.790437942611107086e-03 9.999452371399762951e-01 7.963207495635143962e-03 -9.462207696142690416e-01 -3.597858020787833011e-01 -9.873178583194267000e-03 9.329826884606098325e-01 8.703869465512988768e+01
9.095369405973424692e-01 2.910476759471554171e-03 4.156129002014414819e-01 -4.838384554761726797e+00 -6.512439273215596923e-03 9.999525156669322179e-01 7.249451433064468472e-03 -9.542671173430773424e-01 -4.155720657401484885e-01 -9.300297651165441784e-03 9.095127061454735262e-01 8.740180519874313347e+01
8.803698837416877865e-01 2.095614151237734125e-03 4.742831181920465489e-01 -4.612340633700889647e+00 -5.365016701950528315e-03 9.999702606676605932e-01 5.540250538782587157e-03 -9.446184606905750902e-01 -4.742574031013441771e-01 -7.422006573281777174e-03 8.803549451340593190e-01 8.776368813607993502e+01
8.484655103565438283e-01 -8.530673872145296422e-04 5.292499882016402646e-01 -4.317550022825680678e+00 -2.589158959687448257e-03 9.999800440791046796e-01 5.762612205170836339e-03 -9.521721227842857571e-01 -5.292443424272825769e-01 -6.259690054514499731e-03 8.484463697188715514e-01 8.809248207201775926e+01
8.121020061097984355e-01 -2.080728446087356295e-03 5.835117841497012847e-01 -4.026504698524496106e+00 -1.507211925178935904e-03 9.999828265521630843e-01 5.663471810932760829e-03 -9.560013030524787681e-01 -5.835135473874182299e-01 -5.478792738758496775e-03 8.120849234196348965e-01 8.841475644855395899e+01
7.729380319345650063e-01 -3.757772818037631059e-03 6.344703916910249264e-01 -3.724073546714753657e+00 -1.257975430341741994e-03 9.999714195259805649e-01 7.455040510015537199e-03 -9.557470226064308516e-01 -6.344802725750686712e-01 -6.560432503831463251e-03 7.729112138133502619e-01 8.870786339597299275e+01
7.311065453558612814e-01 -2.235198260539549009e-03 6.822596450227343956e-01 -3.420531587831020293e+00 -5.083470114449752282e-03 9.999490287723973303e-01 8.723427579158083214e-03 -9.665696589441847841e-01 -6.822443680012382217e-01 -9.846001516829643377e-03 7.310579173941821329e-01 8.896794385358208501e+01
6.865925319203523003e-01 -4.176843597694768206e-03 7.270304320238276663e-01 -3.117430228578881746e+00 -3.485444598125899372e-03 9.999530965982661446e-01 9.036386417458882117e-03 -9.481909005032465032e-01 -7.270340753961594960e-01 -8.738339721745725167e-03 6.865457702380487470e-01 8.919822048757487210e+01
6.402108503539785112e-01 -7.414982225936852210e-03 7.681634494869027385e-01 -2.799901330958575407e+00 -1.246467536028778456e-03 9.999420710807596091e-01 1.069115528823501304e-02 -9.530537639573692932e-01 -7.681982253349145529e-01 -7.802084420497906389e-03 6.401645210967099597e-01 8.940890340724429564e+01
5.948966123364350933e-01 -1.416271070189189553e-02 8.036774466514539084e-01 -2.488906432854538053e+00 3.640795515531547195e-03 9.998819827649487735e-01 1.492531909351624449e-02 -9.475098239847179471e-01 -8.037939818377856094e-01 -5.952996523071904696e-03 5.948779678167201990e-01 8.956338315290084040e+01
5.498639279191386287e-01 -1.388952594123106336e-02 8.351387560414477162e-01 -2.177006181125259232e+00 5.140895584041899405e-03 9.998990667879200656e-01 1.324490200925575872e-02 -9.355038427527757605e-01 -8.352384282143185956e-01 -2.989532700718999358e-03 5.498798329892659043e-01 8.971565476260252581e+01
5.052593953296625751e-01 -8.773792459185913994e-03 8.629229189197487049e-01 -1.869598782134731074e+00 3.366396441499702914e-03 9.999607454395421646e-01 8.196032881129368050e-03 -9.384373242137271642e-01 -8.629609555513492181e-01 -1.236181974082464904e-03 5.052690976578981807e-01 8.984214969061609679e+01
4.599098707125087171e-01 -6.623272093356488699e-03 8.879409006729971354e-01 -1.564046582246088279e+00 3.425064534139393106e-03 9.999779748597787954e-01 5.684956311793902019e-03 -9.473369084376083160e-01 -8.879589966626477704e-01 4.266873649424893981e-04 4.599224262674675989e-01 8.997460908482366904e+01
4.178235105357062662e-01 -1.399337543683048038e-02 9.084204420242287803e-01 -1.255099875959332145e+00 7.721695964405267225e-03 9.998999598782356557e-01 1.185097662346681728e-02 -9.401298048137132213e-01 -9.084953986977850615e-01 2.062929805067480801e-03 4.178897640114787593e-01 9.007650878145774698e+01
3.794899638457185920e-01 -2.838866221281368882e-02 9.247602128109397857e-01 -9.289455580422313341e-01 1.096407829737601480e-02 9.995969403920761387e-01 2.618674752395363722e-02 -9.411588372853737505e-01 -9.251308860520545130e-01 2.015355084544578185e-04 3.796482622849423616e-01 9.014439944772482249e+01
3.442219744623467581e-01 -3.228527010020872806e-02 9.383330398274339901e-01 -6.048232078122381949e-01 1.024298779111009611e-02 9.994782595893357824e-01 3.063151660263675746e-02 -9.320224931718238404e-01 -9.388324203489939457e-01 -9.327072547887545065e-04 3.443730775755035611e-01 9.023564344442803531e+01
3.112706826109215563e-01 -2.820345719505219784e-02 9.499026935161154483e-01 -2.792038811379228824e-01 1.163711297853731695e-02 9.995976928206168344e-01 2.586561635101947490e-02 -9.335429061168439846e-01 -9.502500406463822991e-01 3.002916905329276829e-03 3.114736629983432259e-01 9.031296994950444912e+01
2.810643405564131059e-01 -1.627523153394114241e-02 9.595509123053861389e-01 5.342261538095299800e-02 1.278399081319771431e-02 9.998309676602283869e-01 1.321384450088156429e-02 -9.326708063891202549e-01 -9.596037755482582643e-01 8.552949556851714707e-03 2.812248940037182510e-01 9.040605623076049824e+01
2.531842925263104727e-01 -1.160140720431773048e-02 9.673485004737570891e-01 3.967010266920706352e-01 1.484602174977788132e-02 9.998569369756812319e-01 8.105628896439842634e-03 -9.347935109777112395e-01 -9.673041453731873185e-01 1.230905896002192426e-02 2.533203059593980289e-01 9.048798613121842038e+01
2.275789174974276186e-01 -1.263343712518664140e-02 9.736776841322268838e-01 7.477356437475266571e-01 1.729217296676343121e-02 9.998105929406262415e-01 8.930789315361592484e-03 -9.389750208340378324e-01 -9.736060892705952208e-01 1.480454356310415866e-02 2.277542720238255047e-01 9.055448088237574211e+01
2.044422334759196103e-01 -1.967146942453680894e-02 9.786809523343399375e-01 1.138753491488811553e+00 2.175585417850123965e-02 9.996424059151859387e-01 1.554809007747275443e-02 -9.345922087465952099e-01 -9.786368355934377261e-01 1.811335382453879358e-02 2.047970957628225952e-01 9.060315849889644824e+01
1.838925401793988779e-01 -2.743051621750652175e-02 9.825635350685485436e-01 1.526479855941322405e+00 3.137784704418603715e-02 9.992649119367549293e-01 2.202422500102233643e-02 -9.133070825134113058e-01 -9.824454002036121514e-01 2.678063763365455888e-02 1.846180735104122339e-01 9.066422432647735263e+01
1.639566775737042736e-01 -2.935101927708234221e-02 9.860307934067690239e-01 1.957889029866474395e+00 3.995040800489350202e-02 9.989347903145560092e-01 2.309219780469928124e-02 -8.831378797195494901e-01 -9.856582433984056868e-01 3.560621247205555950e-02 1.649546145282414777e-01 9.073375676901612508e+01
1.464566352665389870e-01 -2.591084272624955345e-02 9.888776881978950106e-01 2.354469122658123137e+00 4.017482452918595681e-02 9.989879400048422564e-01 2.022570638879040567e-02 -8.715792289792820835e-01 -9.884009497468366767e-01 3.676579870058589716e-02 1.473493759248937218e-01 9.079374440611059072e+01
1.315604124546481402e-01 -2.459843549190790513e-02 9.910029136415833273e-01 2.753348051954978892e+00 3.547518801513933895e-02 9.991685732981460122e-01 2.009161936312754346e-02 -8.664806109986473714e-01 -9.906731897604018622e-01 3.251275295469080451e-02 1.323236637387830983e-01 9.083707445189209295e+01
1.169329673010162662e-01 -2.239869781565743609e-02 9.928871937407273141e-01 3.193278182766179807e+00 3.204523831626373415e-02 9.993101643562491976e-01 1.876960616354466510e-02 -8.681390830323963970e-01 -9.926226795008408210e-01 2.962252100081280357e-02 1.175700743817219840e-01 9.087530615599682449e+01
1.033778940639763222e-01 -2.416559891974283392e-02 9.943485479688396467e-01 3.590944545811205924e+00 3.032699134362356816e-02 9.993165934479173451e-01 2.113337776339148377e-02 -8.616757750847159336e-01 -9.941797043869567974e-01 2.797087571915738910e-02 1.040401148430878109e-01 9.091554789652826685e+01
9.188641422493763755e-02 -2.765053879709045495e-02 9.953855205824055918e-01 4.049590002048523374e+00 2.999931132771304146e-02 9.992375240441084827e-01 2.498823447262503439e-02 -8.564785029417797402e-01 -9.953175012028783186e-01 2.756480085954738854e-02 9.264585016517373761e-02 9.093961865919358445e+01
