1.000000000000000000e+00 0.000000000000000000e+00 0.000000000000000000e+00 0.000000000000000000e+00 0.000000000000000000e+00 1.000000000000000000e+00 0.000000000000000000e+00 0.000000000000000000e+00 0.000000000000000000e+00 0.000000000000000000e+00 1.000000000000000000e+00 0.000000000000000000e+00
9.999598715811696126e-01 -5.019576571308861750e-03 -7.420180484007673528e-03 -3.855024867823820481e-03 5.004484507706232106e-03 9.999853739722561752e-01 -2.051091509138564320e-03 -5.702572514282495258e-02 7.430367567126934178e-03 2.013875023802842550e-03 9.999703665335319958e-01 1.699035981896544367e+00
9.999282631035735225e-01 -3.331567758205640321e-03 -1.150518591519665915e-02 -1.545071161557859743e-02 3.291952258660142683e-03 9.999885939426002013e-01 -3.460496355693530590e-03 -6.849846667044201531e-02 1.151658356447174229e-02 3.422373587665063135e-03 9.999278252264156563e-01 2.427646964399100771e+00
9.998682245293473159e-01 -2.970857010879208050e-03 -1.595956093230511963e-02 -2.699718078817271022e-02 2.882413891223122981e-03 9.999803785736921524e-01 -5.561848413516624033e-03 -6.322867820513648762e-02 1.597577123930913473e-02 5.515113438195151478e-03 9.998571689281792185e-01 3.185127750480750031e+00
9.997822275989569629e-01 -1.307326146400712664e-03 -2.082758448823498337e-02 -4.881489407418281024e-02 1.167274107008639842e-03 9.999766377306524845e-01 -6.735091985874163897e-03 -5.960028490234064308e-02 2.083590287044786993e-02 6.709313768636517884e-03 9.997603964252272934e-01 3.926565508971571195e+00
9.996796158510778962e-01 -2.764238573899368157e-03 -2.515998086144466059e-02 -7.365587505228625431e-02 2.592743885876681257e-03 9.999732029736604355e-01 -6.846240847366688066e-03 -7.218281785985525278e-02 2.517823129181132394e-02 6.778814033772229131e-03 9.996599943727428883e-01 4.683640695747702587e+00
9.995614123486720182e-01 -9.794063466276655295e-04 -2.959769765938412289e-02 -1.018750194579235713e-01 7.540037639383305066e-04 9.999706393074057065e-01 -7.625745961005596027e-03 -8.905865102201138139e-02 2.960429735447363958e-02 7.600084627555873593e-03 9.995328030093874050e-01 5.443497398936961496e+00
9.994115785750486980e-01 1.483496669465641940e-03 -3.426800034669571365e-02 -1.379464106091722320e-01 -1.773413576817498656e-03 9.999628822555163277e-01 -8.431436148475102491e-03 -9.897648997398113269e-02 3.425422038836982430e-02 8.487246247867495999e-03 9.993771135245765880e-01 6.214537961619625683e+00
9.993092479597760480e-01 1.326572780391494736e-03 -3.713848605860915753e-02 -1.985463071828147408e-01 -1.572395627929953129e-03 9.999770451177946162e-01 -6.590660776692126334e-03 -1.053154891424269712e-01 3.712889055784527464e-02 6.644504657420670715e-03 9.992883948309428943e-01 6.984077127429832998e+00
9.991536166182514167e-01 2.340493795685821940e-04 -4.113387435625771166e-02 -2.500542849524615696e-01 -3.769864684033076758e-04 9.999939181784526232e-01 -3.467201653898330932e-03 -1.241765129299034903e-01 4.113281269097841808e-02 3.479773986062646707e-03 9.991476281777063040e-01 7.735936012628221725e+00
9.990108661425161074e-01 3.340007021851457906e-04 -4.446546719321738811e-02 -2.890228238768715041e-01 -3.852682492875819762e-04 9.999992709472247387e-01 -1.144409627272847908e-03 -1.318163946643680084e-01 4.446505254192606449e-02 1.160408785663002897e-03 9.990102664907379859e-01 8.489952773672911235e+00
9.988924525216485995e-01 2.067340833034670301e-03 -4.700632294879449752e-02 -3.246424464396016618e-01 -2.154874783353251388e-03 9.999960373460724528e-01 -1.811575783865908545e-03 -1.361436878626279268e-01 4.700239153441415629e-02 1.910862117655204090e-03 9.988929491171785191e-01 9.244161436959942080e+00
9.987876448859390743e-01 1.214213196499157668e-03 -4.921144287168499609e-02 -3.656876034595619163e-01 -1.321650535862482160e-03 9.999968138662510553e-01 -2.150696912077947574e-03 -1.419105347226507219e-01 4.920867467287376451e-02 2.213129833519764805e-03 9.987860673804377365e-01 9.988378565414521404e+00
9.987167256144670047e-01 -8.802132817438341247e-04 -5.063721163824425053e-02 -4.000745262710044270e-01 7.405169466147270164e-04 9.999958686582501866e-01 -2.777463066128972938e-03 -1.488592712283484387e-01 5.063944719849812481e-02 2.736401105572043579e-03 9.987132513872144512e-01 1.073292295651770623e+01
9.985738607982997950e-01 -1.789378470478344973e-03 -5.335768599805536250e-02 -4.342148505378717882e-01 1.672495232673786893e-03 9.999961034645180602e-01 -2.235132094157606542e-03 -1.467129959586156718e-01 5.336147758518663270e-02 2.142704009198943740e-03 9.985729625467815174e-01 1.150271379370001412e+01
9.984551569673927318e-01 -2.989680723715121887e-03 -5.548298238549656536e-02 -4.677015230181083560e-01 2.830705140460984190e-03 9.999916609199061002e-01 -2.943671016932162404e-03 -1.487556742852282898e-01 5.549132034495891930e-02 2.782067543824679346e-03 9.984552936744621743e-01 1.230873064708966247e+01
9.983187182673750604e-01 -1.322226204078092446e-03 -5.794815333425603482e-02 -5.079192223649102722e-01 1.027798016302996836e-03 9.999864136293544759e-01 -5.110399978436310983e-03 -1.594276730166333811e-01 5.795412313393147330e-02 5.042248959260814921e-03 9.983065137207168815e-01 1.313966733061715964e+01
9.982809463900463864e-01 -6.480328731905180386e-04 -5.860658775247528512e-02 -5.771132080051883939e-01 2.095420677438714465e-04 9.999719442785797163e-01 -7.487773223015052257e-03 -1.735669736963824927e-01 5.860979582557145767e-02 7.462620793844475936e-03 9.982530746880644568e-01 1.399613293590655694e+01
9.981855421232364023e-01 3.496952549762129703e-03 -6.011151985272825127e-02 -6.520055994130622423e-01 -4.068068734122450535e-03 9.999477206673006435e-01 -9.381191238069283567e-03 -1.854380624908676112e-01 6.007557168196300118e-02 9.608707256207504183e-03 9.981475834925174206e-01 1.485702618090936156e+01
9.981586539640929789e-01 3.532877132681948133e-03 -6.055427561912072459e-02 -7.265364644221059542e-01 -4.050912222623157151e-03 9.999562257117290409e-01 -8.434261705532191886e-03 -2.054684825285996441e-01 6.052182768849327654e-02 8.664031366412481075e-03 9.981292716545929755e-01 1.571779961495895606e+01
9.980614046029285813e-01 2.888724865208910225e-03 -6.216983119394950408e-02 -7.759888686874230057e-01 -3.312579044406443757e-03 9.999719627593539606e-01 -6.715691720004095602e-03 -2.326957693507807345e-01 6.214868833777284496e-02 6.908615190954831703e-03 9.980429908446026843e-01 1.662121363837697530e+01
9.980089141064424352e-01 3.664323349970295077e-03 -6.296649981115576278e-02 -8.434645792302679634e-01 -3.993202133842741960e-03 9.999790320175655500e-01 -5.098025296999081531e-03 -2.520862831184003117e-01 6.294649871755922388e-02 5.339312652151637952e-03 9.980026202568832439e-01 1.753844638487146312e+01
9.979515808033886382e-01 3.166009891642116488e-03 -6.389537348968225838e-02 -8.911403034433701409e-01 -3.480745878508272571e-03 9.999823495123966177e-01 -4.815087932107643687e-03 -2.739934489745539103e-01 6.387900108916240438e-02 5.027628171483979058e-03 9.979449865472654890e-01 1.844738244109262126e+01
9.977870160454436199e-01 2.055609265107005701e-03 -6.645934909162862225e-02 -9.312525610160308220e-01 -2.417526227437503429e-03 9.999826821292325807e-01 -5.365725352865735771e-03 -2.847905579362892126e-01 6.644716832246050364e-02 5.514518308242660934e-03 9.977747059881586500e-01 1.928702261476930602e+01
9.977555492016311200e-01 2.489218127614572411e-04 -6.696119828144922459e-02 -1.013950377797459446e+00 -6.461873532179914208e-04 9.999823200481436913e-01 -5.911178650031649606e-03 -3.036451180966618923e-01 6.695854298938241911e-02 5.941180779876964989e-03 9.977380697816843336e-01 2.017935701517185265e+01
9.976636791256590087e-01 -3.978761035930982945e-03 -6.820082707767111119e-02 -1.078884097640714357e+00 3.694980460333253773e-03 9.999839859708542500e-01 -4.286597862653212382e-03 -2.836470502068912936e-01 6.821679025619135917e-02 4.024582271156115429e-03 9.976624039547078437e-01 2.112139083795418770e+01
9.976286917355550177e-01 -4.877488106845336534e-03 -6.865277514986363461e-02 -1.146106765591766941e+00 4.829879741120405093e-03 9.999879667415579876e-01 -8.594380528337015185e-04 -2.868787355950905837e-01 6.865614093215896552e-02 5.258154124081074535e-04 9.976402446926730949e-01 2.207222095554531549e+01
9.976959757880279334e-01 -5.678575544721215125e-03 -6.760542638104746760e-02 -1.211711490948342629e+00 5.908856588284916098e-03 9.999774007564087297e-01 3.206772563040710938e-03 -2.889589214700978292e-01 6.758568864929484499e-02 -3.598854850488772145e-03 9.977069825021607219e-01 2.295068909588908923e+01
9.978106186552905266e-01 -6.716481017932813061e-03 -6.579405886163003370e-02 -1.290386816481467802e+00 7.138696476707478110e-03 9.999553961500998733e-01 6.184231795915043177e-03 -2.965932122151079819e-01 6.574958791783672152e-02 -6.640375970373636055e-03 9.978140593796059887e-01 2.390061496360316440e+01
9.979027440408203553e-01 -7.603191681460591544e-03 -6.428300640185682924e-02 -1.366170468104493052e+00 8.064661321694012452e-03 9.999435199963099263e-01 6.922286844055424229e-03 -2.957571513237209349e-01 6.422674422366884961e-02 -7.426189712091943278e-03 9.979076996560296564e-01 2.486871771369619566e+01
9.980734751184433540e-01 -6.359269328066044676e-03 -6.171626980474897300e-02 -1.454309264376860700e+00 6.640371466230653857e-03 9.999684878911484498e-01 4.350711605692841530e-03 -3.057071627328090124e-01 6.168665764806785523e-02 -4.752148808545769709e-03 9.980842516290462374e-01 2.582723442951580850e+01
9.981517758487866709e-01 -5.455748220262325587e-03 -6.052493024594270826e-02 -1.531317631492596254e+00 5.421300025285591753e-03 9.999850357354110875e-01 -7.333561752822534505e-04 -3.066423083191837651e-01 6.052802554152063308e-02 4.038769628148187107e-04 9.981664164894779034e-01 2.683855175546723970e+01
9.981991970151147253e-01 -7.717186231088193731e-03 -5.948788208585181064e-02 -1.591569859259305497e+00 7.517996022259975861e-03 9.999653614405238367e-01 -3.571505974688256747e-03 -3.076661684793744467e-01 5.951338348804240119e-02 3.117844735174308841e-03 9.982226386082488911e-01 2.785100546682009437e+01
9.981935867345836932e-01 -9.471326914477707498e-03 -5.932838585729250519e-02 -1.615308338563459234e+00 9.338434905989534754e-03 9.999532285643653040e-01 -2.516806946052661028e-03 -3.293598766023613789e-01 5.934944848487899022e-02 1.958226283192989435e-03 9.982353471573558457e-01 2.886474101640926193e+01
9.981372505419056074e-01 -1.362497632179679972e-02 -5.946754661898356886e-02 -1.702600491630094082e+00 1.379929309668618924e-02 9.999016057063073726e-01 2.521589969629655509e-03 -3.359076461848802819e-01 5.942733874810710720e-02 -3.337502984816473166e-03 9.982270545738309853e-01 2.984516572222007724e+01
9.980298998925551945e-01 -1.702076421550115931e-02 -6.038718826027428266e-02 -1.755235980986438404e+00 1.742992204167231884e-02 9.998285200370731207e-01 6.255264829888697656e-03 -3.555714705194191194e-01 6.027036367969531433e-02 -7.295485315667715048e-03 9.981554283556886009e-01 3.085702692121820689e+01
9.977918664632200452e-01 -2.485182862368881182e-02 -6.159365092204849984e-02 -1.795416604673673255e+00 2.524531834716842865e-02 9.996654978036315642e-01 5.618398576284964335e-03 -3.680710338131826243e-01 6.143342023197553153e-02 -7.160943727657261178e-03 9.980854952174851302e-01 3.186957298197926747e+01
9.976752562991821893e-01 -2.621243675235284190e-02 -6.290461928880931863e-02 -1.852010032654575200e+00 2.636624503744538009e-02 9.996510437772151425e-01 1.616105734294898816e-03 -3.765380623998995091e-01 6.284030626112147022e-02 -3.270907308825294745e-03 9.980182348406201331e-01 3.288137619412155743e+01
9.976435455532897123e-01 -2.525211500960585984e-02 -6.379409614851966337e-02 -1.937142336894039918e+00 2.515063100373815183e-02 9.996808075594647569e-01 -2.393482267732133500e-03 -3.851217095950912328e-01 6.383417404477663426e-02 7.833803633508664007e-04 9.979602119018720074e-01 3.388780569394677400e+01
9.975110488014423682e-01 -2.487580528029040977e-02 -6.597652484564145436e-02 -2.001036599122695492e+00 2.472097405198027398e-02 9.996893885901919630e-01 -3.162243204659462032e-03 -3.846993774937231825e-01 6.603469513045308326e-02 1.523368576896226524e-03 9.978161646251321182e-01 3.490732508101901743e+01
9.973877215793066631e-01 -2.507209425569329950e-02 -6.774306556746306773e-02 -2.053467782319395862e+00 2.497767999598114394e-02 9.996854983963563424e-01 -2.240490580773772319e-03 -3.924607847117836390e-01 6.777793405572653251e-02 5.425731818870198472e-04 9.977002842885641654e-01 3.593373744361684174e+01
9.973675193306581477e-01 -2.250619175653249468e-02 -6.893114475207662295e-02 -2.137332019308432418e+00 2.260892246271375625e-02 9.997441332130471148e-01 7.104443425209527527e-04 -4.008158101001152995e-01 6.889751816494280034e-02 -2.267033018488384330e-03 9.976211668524310738e-01 3.695468473586282698e+01
9.973642253632822863e-01 -2.191526089830730245e-02 -6.916880297694487367e-02 -2.241859117939690282e+00 2.211203145569626966e-02 9.997533347234024426e-01 2.080330342695717316e-03 -4.153157089127793578e-01 6.910615045281177926e-02 -3.604309807921489243e-03 9.976028011791084893e-01 3.798978141771213046e+01
9.973040600903837483e-01 -2.096270979776608187e-02 -7.032194909966177354e-02 -2.315182154332325215e+00 2.134527975125223229e-02 9.997611481700767744e-01 4.693148408732312170e-03 -4.253562501820407626e-01 7.020677146530543422e-02 -6.181537638821026429e-03 9.975133070956195835e-01 3.901152468786592920e+01
9.973952683887405968e-01 -1.942885381394538619e-02 -6.946364686102081409e-02 -2.388616593005739919e+00 2.002723572378144190e-02 9.997679995791715069e-01 7.928230995717159418e-03 -4.566137844261192180e-01 6.929349482469776556e-02 -9.298744911740413482e-03 9.975529785019179307e-01 4.002621134765418276e+01
9.974397428912178398e-01 -1.493649809200249014e-02 -6.993468614252075499e-02 -2.490895645386126400e+00 1.570773083621698762e-02 9.998215875931868446e-01 1.049095680153425136e-02 -4.525428129490483009e-01 6.976551077059690853e-02 -1.156261248084721784e-02 9.974964057577037080e-01 4.104870288085622576e+01
9.974506673160810077e-01 -1.507271837941822831e-02 -6.974940452336100827e-02 -2.568355516351352286e+00 1.580115095468815137e-02 9.998261059006884333e-01 9.903614893956526680e-03 -4.564174826164792975e-01 6.958800111524905685e-02 -1.098048815469163456e-02 9.975153828290922453e-01 4.207337427606518787e+01
9.974880683681697224e-01 -1.468413969727170795e-02 -6.929595590286888318e-02 -2.634718447996729829e+00 1.528567887473464629e-02 9.998498826664274919e-01 8.158440614788977849e-03 -4.552317893279353433e-01 6.916575369704190679e-02 -9.197182898991289324e-03 9.975627851630413101e-01 4.308791559951808381e+01
9.975350446690903761e-01 -1.276578899452183655e-02 -6.899905280789790651e-02 -2.713590257518687654e+00 1.320448478287366764e-02 9.998953770814666964e-01 5.905630595086514174e-03 -4.610169494762169085e-01 6.891644389156066641e-02 -6.802170422303344816e-03 9.975992453078985633e-01 4.405941377573088147e+01
9.973944808461238098e-01 -1.275471059565941832e-02 -7.100399238997882889e-02 -2.755246325173559718e+00 1.322764102998724711e-02 9.998933238532345946e-01 6.194386693433744095e-03 -4.791449811131009984e-01 7.091741034807337585e-02 -7.117462423288076212e-03 9.974567973793039277e-01 4.496655920195183143e+01
9.972731439364870276e-01 -1.507197901237271494e-02 -7.224342068097329428e-02 -2.829637693207118332e+00 1.565692608379296025e-02 9.998490126297622238e-01 7.537413939350078376e-03 -4.875115517034042667e-01 7.211890909216614465e-02 -8.647970394088795934e-03 9.973585491484093790e-01 4.588495691449380587e+01
9.972159804901864488e-01 -1.547600132907647405e-02 -7.294368812900664523e-02 -2.912094192149050187e+00 1.612956644064471659e-02 9.998347985982469766e-01 8.379295819861926758e-03 -4.896672463128055597e-01 7.280195973623374006e-02 -9.532517760923484712e-03 9.973008602040320802e-01 4.680270127558063109e+01
9.972592777053924662e-01 -1.265490524136117165e-02 -7.289572280904844936e-02 -2.985756049741408180e+00 1.303910830786460771e-02 9.999034800935674427e-01 4.797098217234988318e-03 -5.001812666098209847e-01 7.282798009733087996e-02 -5.734445928088936772e-03 9.973280310132875970e-01 4.772113571507912155e+01
9.971864590298760156e-01 -1.179292302060931663e-02 -7.402764952428174394e-02 -3.053788274438505645e+00 1.185675676863483415e-02 9.999296167717378614e-01 4.228730923828920144e-04 -5.115553560736629812e-01 7.401745230950149135e-02 -1.299411156175545251e-03 9.972560996475573480e-01 4.873497720057872584e+01
9.972085031388470133e-01 -8.935547520184427064e-03 -7.413067690299858514e-02 -3.138131709195222996e+00 8.895342878388097160e-03 9.999600550114037256e-01 -8.725002371352107849e-04 -5.407385550750816172e-01 7.413551202128522422e-02 2.106468666026436651e-04 9.972481544155599176e-01 4.977094042692243647e+01
9.972575636804908994e-01 -1.071570121643324221e-02 -7.322926620889648464e-02 -3.245132207738651964e+00 1.093321518370674386e-02 9.999369277191825223e-01 2.570095186308850397e-03 -5.482715614405007098e-01 7.319710709993965114e-02 -3.363678189132188363e-03 9.973118214386315072e-01 5.080519350405275958e+01
9.971869621156868035e-01 -1.300964794662673799e-02 -7.381674367509595547e-02 -3.307203524920588222e+00 1.346713819520779266e-02 9.998930486335301238e-01 5.703287049917413545e-03 -5.585899236205951190e-01 7.373465111683340234e-02 -6.681343775573690517e-03 9.972555143342313189e-01 5.184308847148068367e+01
9.971931409969014837e-01 -1.410838588058715981e-02 -7.353089824407203767e-02 -3.388914042456193876e+00 1.461115109018048912e-02 9.998733787868157030e-01 6.304019135017865060e-03 -5.673412097587902103e-01 7.343264813797424628e-02 -7.360695706193899797e-03 9.972730149493496121e-01 5.286856363116162072e+01
9.970834715165650675e-01 -1.757275377281363599e-02 -7.426808973789925106e-02 -3.450515547635593094e+00 1.799433867622163979e-02 9.998255307702568206e-01 5.011167087319415986e-03 -5.752480171094781491e-01 7.416707223614812938e-02 -6.332957035353816398e-03 9.972257212141626415e-01 5.385561498986810847e+01
9.970013129130059770e-01 -1.955930191257093317e-02 -7.487199582244755125e-02 -3.504057122150144643e+00 1.989116059250925841e-02 9.997953449996355157e-01 3.689152658875000362e-03 -5.932847282013111734e-01 7.478451564345853231e-02 -5.167380937220920727e-03 9.971863288243695278e-01 5.482587184743762521e+01
9.968529118682641910e-01 -2.157549650962490087e-02 -7.628086293511547600e-02 -3.577942600857424882e+00 2.199440909168971781e-02 9.997472528715902751e-01 4.655786122103306932e-03 -5.932224275950463976e-01 7.616113226882871567e-02 -6.318886458116733905e-03 9.970755004539325617e-01 5.576820316482722717e+01
9.966945649980787358e-01 -2.476530162298073989e-02 -7.737327664518925396e-02 -3.659996990793265681e+00 2.551862899742766977e-02 9.996359416955460375e-01 8.762627719456650768e-03 -5.903246000485807832e-01 7.712809914280120693e-02 -1.070812336410799370e-02 9.969636866088141813e-01 5.669300253939358214e+01
9.966319567643303623e-01 -2.544377211327825128e-02 -7.795740642651503849e-02 -3.732707556318781261e+00 2.661838093683954048e-02 9.995467125531142250e-01 1.406524868470243432e-02 -6.106231378041447888e-01 7.756419633053963925e-02 -1.609297626012105159e-02 9.968574680277463296e-01 5.764512844246371515e+01
9.966495628751168567e-01 -2.366306128456486038e-02 -7.829245398811507384e-02 -3.809475751198075244e+00 2.501578563475453237e-02 9.995534705698059241e-01 1.634227465594621440e-02 -6.175412463331213520e-01 7.787078585653414708e-02 -1.824606813801949237e-02 9.967964795822611412e-01 5.859712706446929786e+01
9.966004752313823989e-01 -2.168282901679560726e-02 -7.948174440971164656e-02 -3.907300897304312848e+00 2.276191649238971590e-02 9.996602999523374056e-01 1.269566291279251510e-02 -6.287169569830948213e-01 7.917946656915410275e-02 -1.446166052118979563e-02 9.967554727458457497e-01 5.958827261088718075e+01
9.965621908883466329e-01 -1.934878687329980376e-02 -8.055696207249861407e-02 -3.990653430673411606e+00 1.977973233313089566e-02 9.997939861057448807e-01 4.554946280022990727e-03 -6.298986321059468763e-01 8.045223353424091339e-02 -6.132682391562654239e-03 9.967395990558600705e-01 6.055943801816948735e+01
9.965711750461734297e-01 -1.717630491327706496e-02 -8.093743025705189831e-02 -4.076792578193116690e+00 1.722788867490334525e-02 9.998515870512324488e-01 -6.101585988097262323e-05 -6.470843687853875537e-01 8.092646612137537054e-02 -1.333574390923238573e-03 9.967191824483213614e-01 6.153020883931952056e+01
9.965601725004511469e-01 -1.153811506843335430e-02 -8.206518437521727327e-02 -4.157493037943304159e+00 1.165811304874860704e-02 9.999315585254732186e-01 9.831912117085847037e-04 -6.686821190823358796e-01 8.204822353965607329e-02 -1.936534400353955238e-03 9.966264791026292480e-01 6.250135880840522873e+01
9.964658755105946231e-01 -8.819928079112544089e-03 -8.353423137602633552e-02 -4.208024679091043829e+00 9.133762564024804423e-03 9.999525889456563066e-01 3.375535853960992018e-03 -6.883636073895866847e-01 8.350049894658233274e-02 -4.126588125391604696e-03 9.964991911417266923e-01 6.343662082870798713e+01
9.964600602746827018e-01 -6.065568934221689940e-03 -8.384841770051550125e-02 -4.316283028047788406e+00 6.485017778886756346e-03 9.999677805253777141e-01 4.731009993181350959e-03 -6.897206852959347767e-01 8.381701988130686731e-02 -5.258020982485011284e-03 9.964672901774372926e-01 6.436303828713452901e+01
9.963589568369958238e-01 -4.531010833589029646e-03 -8.513694304777616462e-02 -4.385448912038744318e+00 4.929099420298876585e-03 9.999778781086910984e-01 4.466236910594710043e-03 -7.144660600189139954e-01 8.511482308974815947e-02 -4.869623605849980434e-03 9.963592492953228241e-01 6.529180408911908273e+01
9.962138779004348077e-01 -3.760084828569652468e-03 -8.685488610699867995e-02 -4.468031637144708412e+00 4.227709363759945410e-03 9.999775395743204509e-01 5.200655768372958350e-03 -7.178256910949220027e-01 8.683338040243084033e-02 -5.548162665919117303e-03 9.962073990585094130e-01 6.618573013717879405e+01
9.960680206154244321e-01 -3.479167663886051625e-03 -8.852340763683103075e-02 -4.532074569453485857e+00 4.014603002491478646e-03 9.999747057082279955e-01 5.871192934377564808e-03 -7.304292049939450360e-01 8.850074163532362093e-02 -6.203493862886453290e-03 9.960567932572377270e-01 6.702010194611050053e+01
9.959319194704840950e-01 -4.120681987621793545e-03 -9.001461970033067250e-02 -4.611759047785071175e+00 4.711372802713261441e-03 9.999687354715344201e-01 6.350672859658949843e-03 -7.415252798303845205e-01 8.998563633242855075e-02 -6.748930242151964486e-03 9.959201961976850148e-01 6.783225919302485352e+01
9.958335630860318810e-01 -4.515007706995468814e-03 -9.107760063147141150e-02 -4.730019464055071232e+00 5.205972117162549311e-03 9.999594338806632177e-01 7.350404572193327928e-03 -7.428880705698326370e-01 9.104071883336221915e-02 -7.793927024636769160e-03 9.958166709871051347e-01 6.873211460246166382e+01
9.957583645207876977e-01 -1.271800004760249066e-03 -9.199816308838010270e-02 -4.800492714172922781e+00 2.219586966968983572e-03 9.999455085439516999e-01 1.020065568823099247e-02 -7.617488963123633106e-01 9.198017678056674695e-02 -1.036158614892877285e-02 9.957069270683492901e-01 6.958562403164238219e+01
9.956022437192676433e-01 -4.376322520774556706e-04 -9.368020484165433259e-02 -4.882682960089884006e+00 1.773463532065656153e-03 9.998979327134014383e-01 1.417670563148703752e-02 -7.641592772836973690e-01 9.366443897372558891e-02 -1.428049836221931441e-02 9.955014014245611165e-01 7.041074610577604176e+01
9.954963291208897003e-01 2.709219443715113387e-03 -9.476137840303061610e-02 -4.977530049792229683e+00 -1.181861256506533658e-03 9.998685528315960358e-01 1.617035133860658669e-02 -7.724176155045756609e-01 9.479273131842391731e-02 -1.598553059643031612e-02 9.953686758687680936e-01 7.123447137132747287e+01
9.953384257793362888e-01 5.248283464866681895e-03 -9.630095372211439075e-02 -5.068053882747020289e+00 -4.133882566496395981e-03 9.999222103747325008e-01 1.176793160365974429e-02 -7.726585996554794500e-01 9.635522394786290301e-02 -1.131497768333683887e-02 9.952826945637022193e-01 7.206380734678211297e+01
9.952588208759221011e-01 5.085706940519104172e-03 -9.712885798560801087e-02 -5.176017991693917963e+00 -4.665841808975781761e-03 9.999787661813317463e-01 4.549407287488866150e-03 -7.802732814375077375e-01 9.714993252126773171e-02 -4.074649846183176112e-03 9.952614168346651802e-01 7.288592245519674861e+01
9.952448761040973979e-01 4.070118083063288192e-03 -9.731942625875845965e-02 -5.286352118350396978e+00 -4.235802600683331517e-03 9.999899100221452120e-01 -1.495937907288851605e-03 -7.811130747043448785e-01 9.731235566397551662e-02 1.901050416042912626e-03 9.952520743221008326e-01 7.370434549480469855e+01
9.952206060660386822e-01 5.632893437967564053e-03 -9.748956750887539935e-02 -5.360567031392601933e+00 -5.935443952012921937e-03 9.999784266290943080e-01 -2.813677573241077541e-03 -7.909119555648236322e-01 9.747161518433766769e-02 3.378873763570256622e-03 9.952325695260618721e-01 7.452189523089495538e+01
9.951200852143736730e-01 8.069968388804008366e-03 -9.834069154294979020e-02 -5.442795667489487954e+00 -8.019072675806362613e-03 9.999674301054726211e-01 9.127988108225841340e-04 -8.058657949626720773e-01 9.834485485454765030e-02 -1.197432779374001002e-04 9.951523879211597867e-01 7.533859975301916734e+01
9.948624018691577531e-01 8.017634171820905639e-03 -1.009183773622097935e-01 -5.489475762077052678e+00 -7.715634889079096663e-03 9.999645132672448922e-01 3.382481995914986446e-03 -8.282793278753043387e-01 1.009419156019593505e-01 -2.586454809410144128e-03 9.948889585909208577e-01 7.611164038341173921e+01
9.949289694585712329e-01 4.613658527512170746e-03 -1.004741752247864522e-01 -5.605653992653965467e+00 -4.656041708842204203e-03 9.999891430316381058e-01 -1.873351229335001931e-04 -8.348558606329988807e-01 1.004722200795584719e-01 6.541970913116542264e-04 9.949396489327639870e-01 7.682048341369073796e+01
9.949985585029398338e-01 -2.965231787931558571e-03 -9.984526016551759087e-02 -5.678071047546888295e+00 2.465420624356505584e-03 9.999838080427181364e-01 -5.128874488782130502e-03 -8.538020461621755874e-01 9.985885177700176696e-02 4.857062159424475889e-03 9.949897580723930934e-01 7.752922547350323157e+01
9.950785213821876640e-01 -7.244448491553690667e-03 -9.882436060960064772e-02 -5.735662674754969714e+00 6.313330351573678834e-03 9.999327183710775557e-01 -9.731422860585868181e-03 -8.783459750159255952e-01 9.888821033730579857e-02 9.059619035745222412e-03 9.950573074749076152e-01 7.819278050309650041e+01
9.953966162393119710e-01 -5.075873925983321981e-03 -9.570690614171534216e-02 -5.809427710787599786e+00 4.154727988553664694e-03 9.999431368021944877e-01 -9.821476341205951505e-03 -8.915769134647022476e-01 9.575131651665615140e-02 9.378628154866073055e-03 9.953611036800968925e-01 7.878744532579452198e+01
9.958028724729601766e-01 1.149235642512687257e-04 -9.152390926517171843e-02 -5.880471203059233432e+00 -7.752737411942053382e-04 9.999739262629390169e-01 -7.179536538015972302e-03 -8.965558787080659675e-01 9.152069779689921136e-02 7.220359191125689906e-03 9.957769972679226811e-01 7.938256768442218458e+01
9.962449209264135908e-01 -4.679577685366385366e-04 -8.657851086645866612e-02 -5.928689458198171280e+00 9.861652004131429784e-05 9.999908778048097746e-01 -4.270196944082720394e-03 -9.011623110042343843e-01 8.657971935221743520e-02 4.245623945445934667e-03 9.962358791341564546e-01 7.999823822310962385e+01
9.966808019667282581e-01 -4.902781471669882124e-03 -8.126094833807705198e-02 -5.967296064068304595e+00 4.922591049267221845e-03 9.999878830317746603e-01 4.343943784152513659e-05 -9.108876218786423618e-01 8.125975072767806229e-02 -4.433096706888489886e-04 9.966928596053111766e-01 8.066120885255182316e+01
9.972586850496611977e-01 -9.341952171684944628e-03 -7.340192792185978865e-02 -5.982717578253196500e+00 9.645648079250597126e-03 9.999463198270122088e-01 3.784037201088024781e-03 -9.259451363099533427e-01 7.336263739912379789e-02 -4.481673128408817687e-03 9.972952612139575068e-01 8.126994657666413957e+01
9.980357664671143381e-01 -6.231605355225689445e-03 -6.233599238882508997e-02 -6.059107907612556687e+00 6.468027026668545301e-03 9.999726320539931157e-01 3.591624894762857415e-03 -9.307444437612615307e-01 6.231190479182381614e-02 -3.987760988212137037e-03 9.980487584700040715e-01 8.187423760988109223e+01
9.988287249722208605e-01 -1.222052337800400229e-03 -4.837028797159100696e-02 -6.063628256325218402e+00 1.374085652178678833e-03 9.999942199193854186e-01 3.109986564845695738e-03 -9.307950122788044567e-01 4.836620782107595856e-02 -3.172808833939077568e-03 9.988246308662560580e-01 8.249311450406214874e+01
9.995347536678471645e-01 3.641139996463630193e-03 -3.028231017748962348e-02 -6.090214949901045394e+00 -3.524734749233425155e-03 9.999861966922123369e-01 3.896494576434460840e-03 -9.385980916243618077e-01 3.029607986369082379e-02 -3.787944635654861333e-03 9.995337908346725309e-01 8.304222196034187675e+01
9.999691709359184166e-01 2.444710925232468877e-03 -7.461941183562033342e-03 -6.102716377879999321e+00 -2.412515333063492643e-03 9.999877560341148275e-01 4.320596210668652994e-03 -9.408266522201234050e-01 7.472412428569265470e-03 -4.302460963211442169e-03 9.999628252500981640e-01 8.355817851882909508e+01
9.998240991486413431e-01 -8.843720728559372347e-04 1.873469102085538809e-02 -6.070032683639851712e+00 7.825739942571948620e-04 9.999848952323235896e-01 5.440301934103481014e-03 -9.464205311597512216e-01 -1.873921928879777182e-02 -5.424683698378261927e-03 9.998096891244951934e-01 8.407229512991267484e+01
9.988237926315763904e-01 -2.279207622916992401e-03 4.843383616530805291e-02 -6.036160109437218146e+00 1.928856496973001440e-03 9.999716466306278750e-01 7.279110346515952311e-03 -9.562446061208392800e-01 -4.844905350665039412e-02 -7.177126683730020336e-03 9.987998688760807431e-01 8.457593320809598936e+01
9.967155449812057366e-01 -2.145294443775960271e-03 8.095381463878055517e-02 -5.972366889850242444e+00 1.424718458459666012e-03 9.999588632541610567e-01 8.957788608364441671e-03 -9.584863580488601764e-01 -8.096970155641261546e-02 -8.813030760613793646e-03 9.966775997877540538e-01 8.507675311306299193e+01
9.929795862708366005e-01 -9.643409484326360840e-04 1.182819144921810894e-01 -5.886811852290323444e+00 -9.554758330285516657e-05 9.999599013038401596e-01 8.954700166143180276e-03 -9.408304139048144776e-01 -1.182858069256814415e-01 -8.903136017234407340e-03 9.929396769436699133e-01 8.554595290546309627e+01
9.874605856983136309e-01 -1.299295026838356414e-03 1.578603925143330089e-01 -5.762047406230783153e+00 -1.972177595927154879e-04 9.999551964510428048e-01 9.463941869215671682e-03 -9.478741903958403103e-01 -1.578656162611133673e-01 -9.376402454130596670e-03 9.874160877155676586e-01 8.601462068310316056e+01
9.795748259911334355e-01 -1.576042348216152682e-03 2.010738082768601664e-01 -5.616000974546266455e+00 -3.624369553283812327e-04 9.999538200596566062e-01 9.603457062214255588e-03 -9.484023782434184424e-01 -2.010796581554085416e-01 -9.480181359499984320e-03 9.795290180681199832e-01 8.646254772649574249e+01
9.689840133331847349e-01 1.279798651055678513e-03 2.471201003968097332e-01 -5.443334803005656752e+00 -3.257877859469156603e-03 9.999658443895214077e-01 7.595807145803813026e-03 -9.482759680490376875e-01 -2.471019387551803281e-01 -8.165302796358330992e-03 9.689550865203582219e-01 8.687733034658369036e+01
9.541555389349902772e-01 1.937667505301313283e-03 2.993049497825233107e-01 -5.266927180226911531e+00 -3.763216126006180533e-03 9.999776669399118578e-01 5.523026868690618894e-03 -9.604653259812077071e-01 -2.992875635974006632e-01 -6.396175892062725375e-03 9.541415215836116515e-01 8.729035578754320568e+01
9.349540783234735475e-01 2.261159643892843123e-03 3.547615517264666729e-01 -5.072200495191049541e+00 -3.884979546974189242e-03 9.999849842593331317e-01 3.864995442903302117e-03 -9.660074756468096657e-01 -3.547474853472880607e-01 -4.991834624553994140e-03 9.349488238544699792e-01 8.768663507300792048e+01
9.111182289503432230e-01 2.365431793554856679e-03 4.121382991264236906e-01 -4.861599696808313276e+00 -3.819336052375904393e-03 9.999890502132351422e-01 2.704094255708295886e-03 -9.686798520288172343e-01 -4.121273899494053428e-01 -4.037844233594021365e-03 9.111172867789500973e-01 8.807474154229363705e+01
8.821723886345271826e-01 3.028081370390902586e-03 4.709168795595121693e-01 -4.636354658178322374e+00 -3.654912807102915495e-03 9.999932339893169431e-01 4.166388750294586587e-04 -9.607852978751678652e-01 -4.709124317144588456e-01 -2.088707445765709478e-03 8.821774872201062490e-01 8.843847842420130689e+01
8.482036844171106926e-01 2.301534371901486648e-03 5.296651892287942420e-01 -4.400202079554535572e+00 -1.637361606699786268e-03 9.999971748342234568e-01 -1.723186157446642344e-03 -9.593566643889711587e-01 -5.296676588089994642e-01 5.943594024343408760e-04 8.482050565451102475e-01 8.877822134442868673e+01
8.111234668895506150e-01 2.144724933203768797e-03 5.848710298997872314e-01 -4.150309310791034711e+00 -5.728206642680129176e-04 9.999957100778563701e-01 -2.872577651320092334e-03 -9.616738330260147238e-01 -5.848746817375168883e-01 1.994988931590030001e-03 8.111212157757928809e-01 8.907326293358873670e+01
7.710276206849101532e-01 7.755634786840851554e-04 6.368012300885242949e-01 -3.870471501018745375e+00 -1.010518810275208871e-03 9.999994894099757392e-01 5.613731703254942993e-06 -9.851485660404692979e-01 -6.368009005903644271e-01 -6.478279636089835300e-04 7.710280107273856931e-01 8.935856574124670715e+01
7.284758663103240162e-01 2.165615641998734143e-04 6.850714308044909551e-01 -3.608734907276900383e+00 -2.930016309378967020e-03 9.999917887502211000e-01 2.799542204039238112e-03 -9.926031303973587017e-01 -6.850651992386185274e-01 -4.046669397706358431e-03 7.284705191419462711e-01 8.958849016301853396e+01
6.826820823265641325e-01 -1.197519064934926113e-03 7.307145409928256230e-01 -3.337390218244779216e+00 -2.746660138397869280e-03 9.999873871536215653e-01 4.204924702005057892e-03 -1.000969476825351645e+00 -7.307103600800720633e-01 -4.877651253883720679e-03 6.826701825844569971e-01 8.980695965457731234e+01
6.352460191519960775e-01 -1.792434025931599400e-03 7.723077639981389408e-01 -3.041696479297467448e+00 1.845261813692618212e-05 9.999973417080371130e-01 2.305696500686505584e-03 -9.961245701519322315e-01 -7.723098437874797995e-01 -1.450433423180420931e-03 6.352443635577121883e-01 9.001109013625048760e+01
5.885456632433206936e-01 -4.507174389513811906e-03 8.084514132936517772e-01 -2.714076844958869916e+00 5.733833288512250360e-03 9.999825803155311110e-01 1.400793098536052368e-03 -9.970418545654727849e-01 -8.084436439439038891e-01 3.811094922443292871e-03 5.885612543501259619e-01 9.019118670423411288e+01
5.411354817910296600e-01 -4.124844699139864831e-03 8.409253094080348934e-01 -2.377271030318417910e+00 5.297490661798747932e-03 9.999848489996089329e-01 1.496116275707636651e-03 -9.993825920417093167e-01 -8.409187397956338073e-01 3.645192372188541061e-03 5.411491343734111670e-01 9.038090922955240103e+01
4.920518190219717036e-01 -1.981862782417060861e-03 8.705636562693629399e-01 -2.038779944982900272e+00 1.168551190389199509e-03 9.999980114393908215e-01 1.616046216011278198e-03 -1.010601954674518854e+00 -8.705651278826201933e-01 2.221197166309646180e-04 4.920531564552227954e-01 9.056728568592818363e+01
4.463208780059138014e-01 1.527881263728946264e-04 8.948729800993099337e-01 -1.682003260357598506e+00 -1.054150219146672389e-03 9.999993813625077665e-01 3.550238151916148871e-04 -1.023555764194899131e+00 -8.948723722539119185e-01 -1.101785088989664469e-03 4.463207629567246815e-01 9.071554514959706239e+01
4.039604471724908552e-01 -1.961527935191274916e-03 9.147743489671983363e-01 -1.313120502410501267e+00 6.382069323573480273e-03 9.999794072027110570e-01 -6.740635400291288644e-04 -1.017302307085703239e+00 -9.147541890100028272e-01 6.110448319587243916e-03 4.039646471041546394e-01 9.083097771694365008e+01
3.654266122655983606e-01 -1.005190066873678199e-02 9.307858778156417046e-01 -9.439471937241552535e-01 2.078555003772628029e-02 9.997804805564112218e-01 2.636590224693241297e-03 -1.023165929076216063e+00 -9.306080549606877694e-01 1.838341620400327572e-02 3.655553283033282086e-01 9.090194150664440542e+01
3.299502920049479093e-01 -1.354149181052287723e-02 9.439011774573626834e-01 -5.442275149158597447e-01 2.450971838202661499e-02 9.996829162855184192e-01 5.774131251295122787e-03 -1.021161822588155133e+00 -9.436800721169653627e-01 2.122957574750345550e-02 3.301775682915155663e-01 9.100792998834096181e+01
2.968318506106438770e-01 -9.538264794093568102e-03 9.548821256928933243e-01 -1.405770918735120834e-01 2.029864207144035232e-02 9.997872003363221793e-01 3.676842899385593822e-03 -1.032544466004638117e+00 -9.547139977988766679e-01 1.829140640762702205e-02 2.969622987157053418e-01 9.109709370141051465e+01
2.664181054151018024e-01 -1.592377751961138611e-03 9.638562431400871100e-01 2.144992208868528039e-01 8.465010571104042772e-03 9.999639346336214318e-01 -6.877703611060117204e-04 -1.039956941386264377e+00 -9.638203861213229251e-01 8.342287763772162149e-03 2.664219764430260096e-01 9.119038129530299841e+01
2.383571955800478925e-01 2.754394625177054509e-03 9.711736511177925246e-01 6.049908745459766646e-01 4.158237605863149104e-03 9.999839174493440064e-01 -3.856669893653465967e-03 -1.048012592663509102e+00 -9.711686549591811435e-01 4.957635818030861098e-03 2.383419087610663123e-01 9.127727696099019283e+01
2.126822984424358576e-01 4.560891139214886224e-03 9.771107604572056848e-01 1.015551659528391992e+00 5.677216966096233081e-03 9.999664595430791669e-01 -5.903303853955515178e-03 -1.058171835964728302e+00 -9.771049120420790546e-01 6.802798019087082267e-03 2.126492718124132764e-01 9.134857215728997915e+01
1.896506079704355918e-01 5.935654592926477291e-03 9.818337002267735203e-01 1.445359773909435930e+00 1.327496961057118147e-02 9.998748230933699466e-01 -8.608909677400229318e-03 -1.060273181070687798e+00 -9.817618968356223164e-01 1.466649748742546687e-02 1.895480724596515787e-01 9.139532252215482799e+01
1.690417351571641413e-01 1.214427531114703647e-02 9.855340726490496861e-01 1.874799896960521961e+00 1.839063004571524565e-02 9.997111377711836999e-01 -1.547338821202299056e-02 -1.063229302650121166e+00 -9.854373021666945620e-01 2.074024091965516112e-02 1.687695645103652609e-01 9.144529721087937446e+01
1.491773445831176825e-01 1.989220459331995927e-02 9.886103479427813534e-01 2.302522295826473719e+00 2.133211621879668729e-02 9.995001951234259163e-01 -2.333025430323757213e-02 -1.049784840482026693e+00 -9.885803258616639999e-01 2.456949622282484508e-02 1.486784421985901106e-01 9.150692369381816604e+01
1.314576962315061603e-01 2.094519930583888662e-02 9.911004856862614121e-01 2.738493567789190841e+00 1.895546603489171866e-02 9.995408672079222345e-01 -2.363778941922422758e-02 -1.057660209499750037e+00 -9.911405371635756412e-01 2.189414093464591565e-02 1.310003136783615685e-01 9.156549440795251371e+01
1.164791768613424733e-01 1.644149080142198391e-02 9.930570370013650505e-01 3.176375491353270242e+00 1.848556687093876050e-02 9.996538824899443565e-01 -1.871894869466717709e-02 -1.071725092654363776e+00 -9.930210899951523729e-01 2.053758999980834568e-02 1.161349311010083929e-01 9.160580693759072801e+01
1.017337706647486878e-01 1.341053486028305833e-02 9.947212662153620544e-01 3.614903568706726134e+00 1.699644033802302084e-02 9.997397560040893749e-01 -1.521648056259862491e-02 -1.090775980155132441e+00 -9.946664571212634476e-01 1.845475059807064055e-02 1.014793637061002091e-01 9.163687807161251442e+01
8.824494126041325381e-02 1.124471641541490222e-02 9.960353340593307570e-01 4.061609338659407875e+00 1.934871817753899825e-02 9.997282684363658634e-01 -1.300063052714044848e-02 -1.098880197701883388e+00 -9.959108682240748189e-01 2.041924685079941210e-02 8.800339147563566999e-02 9.167483026931691370e+01
