1.000000000000000000e+00 0.000000000000000000e+00 0.000000000000000000e+00 0.000000000000000000e+00 0.000000000000000000e+00 1.000000000000000000e+00 0.000000000000000000e+00 0.000000000000000000e+00 0.000000000000000000e+00 0.000000000000000000e+00 1.000000000000000000e+00 0.000000000000000000e+00
9.999890530195483240e-01 -3.836427312177240982e-03 -2.678743463872482449e-03 -1.220920872624788392e-02 3.852250762948068209e-03 9.999750146133848938e-01 5.927083011039164899e-03 -3.371024254168493439e-02 2.655937711286307772e-03 -5.937337318929773212e-03 9.999788467864884067e-01 2.536628477662921100e+00
9.999852454011148861e-01 -4.214732600950461816e-03 -3.427099236188933286e-03 -5.036012343037300776e-02 4.237405902638229430e-03 9.999690050446106149e-01 6.635762300384523589e-03 -4.281706377664284968e-02 3.399025049701416556e-03 -6.650186402905855151e-03 9.999721104358453294e-01 4.156934306403144319e+00
9.999842077469539570e-01 -3.198896820065759341e-03 -4.620748406109105588e-03 -8.628976143422222023e-02 3.227621738322311671e-03 9.999754312646089716e-01 6.222485441690074962e-03 -4.518036795823886925e-02 4.600729791271895679e-03 -6.237301202628327094e-03 9.999699642284740619e-01 5.746613597268396489e+00
9.999799280083988551e-01 -2.574601341170397635e-03 -5.789214821767741520e-03 -1.222922047240093402e-01 2.607878424511592651e-03 9.999800799144203944e-01 5.747933930646986767e-03 -4.119312972340893886e-02 5.774300861706116623e-03 -5.762916126594045015e-03 9.999667225699446771e-01 7.309679962536218767e+00
9.999668556863556823e-01 -3.463702131833615999e-03 -7.368194913691760925e-03 -1.351260158184149907e-01 3.512360651968967490e-03 9.999720433402945474e-01 6.601201442552348184e-03 -7.228619931573337931e-02 7.345124328064558776e-03 -6.626862408152297407e-03 9.999510657243330103e-01 8.846196816520205175e+00
9.999529599056535822e-01 -3.849588310916862276e-03 -8.902732488419481949e-03 -1.664741456683915544e-01 3.910876219597255073e-03 9.999687052211569949e-01 6.877036099634363693e-03 -7.879702129006201095e-02 8.875980121592142932e-03 -6.911530087985911890e-03 9.999367218623008702e-01 1.036822668836496675e+01
9.999285581397859834e-01 -4.842394124310240786e-03 -1.092839583995997010e-02 -1.701626435492621381e-01 4.906760447008086390e-03 9.999707287644625797e-01 5.870716837282041224e-03 -8.619916155548584813e-02 1.089964762759287366e-02 -5.923920442807270072e-03 9.999230494633987165e-01 1.175762180516994171e+01
9.999087897214474774e-01 -6.118528153323188161e-03 -1.204059180557024919e-02 -1.835442461899488009e-01 6.190818525740956688e-03 9.999629810856671686e-01 5.975803230126849018e-03 -9.855066653123614739e-02 1.200358295563140956e-02 -6.049799294260296487e-03 9.999096528810625939e-01 1.314692219037619125e+01
9.998967213450407066e-01 -4.986200743269667696e-03 -1.347903726482492168e-02 -2.037297067101440651e-01 5.061058648211474303e-03 9.999719282029979617e-01 5.525259390858966099e-03 -1.065609674727936301e-01 1.345110883154555098e-02 -5.592906947619324075e-03 9.998938879016501247e-01 1.436473499766757378e+01
9.999004347728380759e-01 -4.119131542543213315e-03 -1.349641791089824065e-02 -2.440716198402043680e-01 4.191953696468585060e-03 9.999767852364961351e-01 5.371825787170177342e-03 -1.159885385709081146e-01 1.347397733770719537e-02 -5.427867299066005749e-03 9.998944895294137325e-01 1.571600337463802788e+01
9.998989111102581928e-01 -2.571858961559420845e-03 -1.398403024892459420e-02 -2.844753261789372267e-01 2.654323239602650319e-03 9.999791800251829343e-01 5.881673596877995402e-03 -1.295285534816151829e-01 1.396861226681776411e-02 -5.918197161497231427e-03 9.998849197851208404e-01 1.707134889132881028e+01
9.998952121954626238e-01 -9.612985142057999801e-04 -1.444439454453982051e-02 -3.154548001776311672e-01 1.056409589018200224e-03 9.999778037572749634e-01 6.578449023479427706e-03 -1.448446121422387878e-01 1.443775007998033925e-02 -6.593018879153354252e-03 9.998740338036026243e-01 1.842692365932995813e+01
9.998883522081087882e-01 -6.138442383441287216e-04 -1.493004734772886838e-02 -3.499865708710533374e-01 7.253554366066998060e-04 9.999718760846031396e-01 7.464643281936185308e-03 -1.631560115656276178e-01 1.492504532807038646e-02 -7.474639462008920640e-03 9.998606766879415408e-01 1.978237543293440126e+01
9.998814137953342396e-01 -2.071397105964050897e-03 -1.526000198800482426e-02 -3.798997113407138193e-01 2.187232971431105587e-03 9.999688941686758481e-01 7.578041105771924843e-03 -1.860274500545968657e-01 1.524383018054150871e-02 -7.610519634130612221e-03 9.998548422807812530e-01 2.113786772816598258e+01
9.998825506868944668e-01 -1.128693029880516738e-03 -1.528433459182089275e-02 -4.231226180544672699e-01 1.245682661126033602e-03 9.999699864350254375e-01 7.646862352564591167e-03 -1.917985675728406392e-01 1.527524489421364269e-02 -7.665003664421700912e-03 9.998539466403314480e-01 2.249318161640047364e+01
9.998886263097322979e-01 -1.284975061730752558e-04 -1.492375505121212864e-02 -4.654731732905393882e-01 2.475674393567684384e-04 9.999681527658629276e-01 7.976977145906286731e-03 -1.956297818244242814e-01 1.492225474922068487e-02 -7.979783356347931039e-03 9.998568144343394914e-01 2.392345283401055056e+01
9.998961702913653493e-01 9.181647244782067691e-04 -1.438073747068472318e-02 -5.083115417053605256e-01 -7.866851930469683516e-04 9.999578673687641306e-01 9.145742928559933912e-03 -2.075584875868959900e-01 1.438852887091204152e-02 -9.133480215503080035e-03 9.998547643413437935e-01 2.552324192626599597e+01
9.999127101498290759e-01 1.432018051429113752e-03 -1.313474039052801162e-02 -5.670453991807683503e-01 -1.331353300889932508e-03 9.999697022746116826e-01 7.669552216875088688e-03 -2.177190943875988716e-01 1.314532537499148689e-02 -7.651395762835912565e-03 9.998843215910859783e-01 2.704384101401789664e+01
9.999176041581007146e-01 1.794970321326063096e-03 -1.271074255391774210e-02 -6.012953913430583164e-01 -1.724706186763314344e-03 9.999831848150949609e-01 5.536738717270897440e-03 -2.295705155929140540e-01 1.272046710210579003e-02 -5.514360216701801737e-03 9.999038861551170498e-01 2.859044673780067924e+01
9.999241128641510601e-01 -4.831714004596191999e-04 -1.230995768639220854e-02 -6.198638978348960382e-01 5.494385658764493977e-04 9.999853745819624606e-01 5.380403277565424386e-03 -2.490504276354363611e-01 1.230717799112827915e-02 -5.386758539668192250e-03 9.999097540289975106e-01 3.011807077974482638e+01
9.999391802172488131e-01 -1.200699857619518755e-03 -1.096331091916965400e-02 -6.680064293012352161e-01 1.291782445639330125e-03 9.999646814429830055e-01 8.304647177394408261e-03 -2.599803104273378240e-01 1.095295232216429715e-02 -8.318304303148718257e-03 9.999054148512991347e-01 3.164513407386805000e+01
9.999451809787772705e-01 -2.780307673687731559e-03 -1.009479700451163496e-02 -7.078116621082204407e-01 2.876633709574030143e-03 9.999503535567363377e-01 9.540199172629812430e-03 -2.804757630585101302e-01 1.006777114477698867e-02 -9.568715221603281071e-03 9.999035351838617691e-01 3.313066541936591847e+01
9.999460351156373994e-01 -3.786022778760025648e-03 -9.674341736633104705e-03 -7.400874434843764949e-01 3.873388406009609358e-03 9.999517454947448591e-01 9.027931339131335317e-03 -2.990041317348075545e-01 9.639694952364155286e-03 -9.064916630978931550e-03 9.999124479511688479e-01 3.460551797513055305e+01
9.999572019978930637e-01 -3.110040634434354558e-03 -8.713312791300891966e-03 -7.810209439375133122e-01 3.170099553417445124e-03 9.999712562322992104e-01 6.887465282195782967e-03 -3.022457878718808333e-01 8.691642040966415447e-03 -6.914792581430576762e-03 9.999383185987962275e-01 3.610554151143375634e+01
9.999637920634730781e-01 -1.995117865562956623e-03 -8.272488545999209103e-03 -7.764949972190693384e-01 2.046990146155355881e-03 9.999782686758018624e-01 6.266738185210741705e-03 -3.218302594743124856e-01 8.259805892556759677e-03 -6.283444982090116704e-03 9.999461455127344189e-01 3.745108112704934911e+01
9.999710346559029794e-01 -1.253586595795632558e-03 -7.507221180420940894e-03 -7.961802565971110024e-01 1.292837160987205143e-03 9.999855096560863466e-01 5.225806150901306582e-03 -3.273477132725469696e-01 7.500561397661392737e-03 -5.235360398145768625e-03 9.999581654150446752e-01 3.876223553564966551e+01
9.999827460126634593e-01 -8.344456638677273490e-04 -5.814755146102397118e-03 -8.118241445786210653e-01 8.723272247341453539e-04 9.999783950990346337e-01 6.515242157131480652e-03 -3.517328816132237468e-01 5.809192903326479938e-03 -6.520202112444874708e-03 9.999618693941411118e-01 4.009916362582105620e+01
9.999894917846336995e-01 9.015890596618820465e-05 -4.583469393770871550e-03 -7.964067711406176420e-01 -5.002928849264460723e-05 9.999616760322044273e-01 8.754653844025869422e-03 -3.714621983279342010e-01 4.584083047050353278e-03 -8.754332540525166378e-03 9.999511727301430009e-01 4.155427384729878781e+01
9.999946826844191561e-01 -1.301446903571247711e-03 -2.990123550485806591e-03 -8.054658377819400306e-01 1.330471453904907104e-03 9.999518219641639893e-01 9.725409824420026134e-03 -3.837757034192267325e-01 2.977322387704522694e-03 -9.729336385374350374e-03 9.999482364427173531e-01 4.290964584537923088e+01
9.999986752915664967e-01 -1.039563048497873978e-03 -1.252487038976685856e-03 -7.836798396075839168e-01 1.052693718349409632e-03 9.999440140924091835e-01 1.052903208697185053e-02 -4.041305953774546600e-01 1.241471324659185020e-03 -1.053033662431237735e-02 9.999437837996340006e-01 4.418104680306040422e+01
9.999971174944262131e-01 -1.545719512387329483e-03 1.837322516643796928e-03 -7.710306106740056897e-01 1.527375859135013435e-03 9.999493934338935519e-01 9.943726372259291055e-03 -4.129794373009595398e-01 -1.852599747939667361e-03 -9.940891427355120352e-03 9.999488719688643945e-01 4.551525156573575259e+01
9.999816261211077473e-01 -2.944228629551837000e-03 5.298956308989149003e-03 -7.678754931454563337e-01 2.900944142267073474e-03 9.999625173159610858e-01 8.157725553310454097e-03 -4.297346317608348176e-01 -5.322775899010008006e-03 -8.142203687984286495e-03 9.999526851685699436e-01 4.680922390224345264e+01
9.999558267214282425e-01 -2.846929985958334720e-03 8.957655693473920780e-03 -7.744363907993910834e-01 2.789765953486914030e-03 9.999757074591597572e-01 6.387620642417927118e-03 -4.394961356659618512e-01 -8.975623198002822753e-03 -6.362348717395032577e-03 9.999394775220181719e-01 4.810325510998873000e+01
9.999216575501440607e-01 -2.610563877193711971e-03 1.224188377735284036e-02 -7.544301529048793586e-01 2.526406350445928924e-03 9.999731067315343891e-01 6.884989806045093731e-03 -4.506457592414072622e-01 -1.225952825876826247e-02 -6.853522446159787847e-03 9.999013617337229043e-01 4.939713707342072979e+01
9.998562173899552263e-01 -2.835176013077906395e-03 1.671844261966267189e-02 -7.254382396206348060e-01 2.713198660035187962e-03 9.999695704212531178e-01 7.314149612972832039e-03 -4.704311525316797749e-01 -1.673867078603503977e-02 -7.267737509337513814e-03 9.998334845822142158e-01 5.068924517609062974e+01
9.997373299090834831e-01 -1.536063736410345736e-03 2.286726250462857435e-02 -6.990121422727604283e-01 1.390720657293905522e-03 9.999787411345452126e-01 6.370492525577088963e-03 -4.768492396835122826e-01 -2.287656185512310439e-02 -6.337017213385082517e-03 9.997182128632680076e-01 5.198154383017374158e+01
9.995295345457980707e-01 2.341053593466216819e-04 3.067009562004081522e-02 -6.764201401151215265e-01 -4.195741843041634884e-04 9.999816654282391859e-01 6.040924173036677468e-03 -4.849745526422456487e-01 -3.066811908424728339e-02 -6.050950507253940493e-03 9.995113068243867138e-01 5.327390559165408490e+01
9.992013809380356770e-01 1.732615352726945158e-03 3.991989949340920413e-02 -6.572223345471306377e-01 -2.026417269501687435e-03 9.999711515512211824e-01 7.320498505514114011e-03 -5.184781253682632096e-01 -3.990606425813300606e-02 -7.395546589594597341e-03 9.991760665298518029e-01 5.456691981565382576e+01
9.986754209315955588e-01 4.881299614245014629e-03 5.122086041036624793e-02 -6.200954496710828767e-01 -5.270505411557183280e-03 9.999582374673551266e-01 7.466263716288471138e-03 -5.247502728426454155e-01 -5.118227622731300747e-02 -7.726333881628010339e-03 9.986594406327616857e-01 5.587132777505259895e+01
9.979351567530275746e-01 7.070717959604436512e-03 6.383907787435451342e-02 -5.374261551771806200e-01 -7.565399949520237172e-03 9.999431770587757784e-01 7.510484484995823447e-03 -5.419955529170372710e-01 -6.378234583265120217e-02 -7.977944668353453145e-03 9.979319439515665913e-01 5.717354367805042870e+01
9.967765453448044211e-01 9.190956193245329586e-03 7.969971753232690803e-02 -4.656446162788812626e-01 -9.855061038274871149e-03 9.999198881638277081e-01 7.943237775838730627e-03 -5.647064023751798834e-01 -7.962032669118278283e-02 -8.703078690067081111e-03 9.967872691797901030e-01 5.847632128683394370e+01
9.953128752260722578e-01 1.159374142083580486e-02 9.600971601393838706e-02 -3.660912394049370411e-01 -1.255955497440790387e-02 9.998763628461364572e-01 9.461321282973469277e-03 -5.806532483464695860e-01 -9.588815353345310488e-02 -1.062281419594816173e-02 9.953354298077120577e-01 5.980012331000884274e+01
9.935168575425002979e-01 1.153514431249850689e-02 1.130981618973811442e-01 -2.099115944646066656e-01 -1.278835880834258004e-02 9.998645392679541555e-01 1.036151501780398047e-02 -5.798801589463327133e-01 -1.129633199665512205e-01 -1.174067971477563491e-02 9.935297905860543954e-01 6.115323532831283160e+01
9.911856751168243163e-01 1.112242867727279184e-02 1.320123063336345326e-01 -1.731848346644826453e-02 -1.253104842327026035e-02 9.998730224419122292e-01 9.844380035433539580e-03 -5.884064456834688928e-01 -1.318860503185229904e-01 -1.141186107466203407e-02 9.911991924725283010e-01 6.250161954999081360e+01
9.884383362173475573e-01 8.795553537746195888e-03 1.513680736940499483e-01 1.748170281965238104e-01 -1.040977913328613308e-02 9.998970540307748900e-01 9.875112098972240252e-03 -6.028075509468314719e-01 -1.512656338838364034e-01 -1.133664758805387300e-02 9.884281402444917708e-01 6.372418694148350937e+01
9.849789305367998571e-01 5.970120185905723742e-03 1.725713303638446994e-01 3.623015063915357437e-01 -7.843445111106215478e-03 9.999174663102412541e-01 1.017550669454494149e-02 -6.062739485320697286e-01 -1.724963384172848169e-01 -1.137621345912225371e-02 9.849444629013158758e-01 6.485666543540088469e+01
9.810847312896048278e-01 -2.201373400250600796e-04 1.935786702350099087e-01 5.993117223827464368e-01 -2.514692605541621415e-03 9.999004794761848780e-01 1.388191140978510194e-02 -6.270486944238631288e-01 -1.935624611114014904e-01 -1.410612217588563984e-02 9.809865396455016429e-01 6.597498403793845512e+01
9.763601710014546686e-01 -6.165714841944452615e-03 2.160620291548220051e-01 8.559730669869023423e-01 2.655534676201502971e-03 9.998597988946564818e-01 1.653271574522407333e-02 -6.302899173650705622e-01 -2.161336730303604625e-01 -1.556812496149435551e-02 9.762396574958362994e-01 6.704178074139204568e+01
9.708523887501900873e-01 -1.200817550697805790e-02 2.393771981184595055e-01 1.124321204984280786e+00 8.077558575469646202e-03 9.998160750623795723e-01 1.739451333924807441e-02 -6.389994461873051979e-01 -2.395420470512649724e-01 -1.495392148712246412e-02 9.707708215261960927e-01 6.810566709753194914e+01
9.643137852102519059e-01 -1.921515536863898505e-02 2.640638208040549939e-01 1.426559234762431405e+00 1.524633480967828997e-02 9.997380283956915914e-01 1.707114097997539798e-02 -6.431038845738556997e-01 -2.643226682075304756e-01 -1.243593115315647091e-02 9.643541230730570124e-01 6.916045432004698057e+01
9.568242452490323124e-01 -2.327776591128571243e-02 2.897335143158276116e-01 1.746778751278412756e+00 1.874835694422728738e-02 9.996549256270599315e-01 1.839915165002474484e-02 -6.436914896149843468e-01 -2.900618258501321267e-01 -1.217272704565896570e-02 9.569304895867611904e-01 7.021084206006523232e+01
9.484921346532860786e-01 -2.617248288107154250e-02 3.157177087853840769e-01 2.101732939149407731e+00 2.066251422340819460e-02 9.995703762756180666e-01 2.078757749663526569e-02 -6.366181113281739190e-01 -3.161261314836533720e-01 -1.319333210569443790e-02 9.486254292296446566e-01 7.119424512656786419e+01
9.388874164225172736e-01 -3.039916517837093143e-02 3.428794395117737981e-01 2.474517498588863607e+00 2.357157968142685120e-02 9.994325050382881770e-01 2.406342669291826331e-02 -6.280364562833078423e-01 -3.434163652401737710e-01 -1.451063848841186756e-02 9.390711588883375871e-01 7.217101640318003319e+01
9.278043746899710120e-01 -3.480570376516394643e-02 3.714399080491525007e-01 2.849010140857203943e+00 2.767247465279467841e-02 9.993162973636675606e-01 2.451880849371670251e-02 -6.262744291051826062e-01 -3.720393479898893019e-01 -1.246999634212941042e-02 9.281331923482128987e-01 7.311076843953853199e+01
9.157179896335355673e-01 -3.653889112833985653e-02 4.001568103839129309e-01 3.241066703778534563e+00 3.074911846827003969e-02 9.993089757157420649e-01 2.088211596965363487e-02 -6.167369702565780321e-01 -4.006433016723730534e-01 -6.817660086645592303e-03 9.162087449571753028e-01 7.401323855705753374e+01
9.023618858752274763e-01 -3.939790680710958393e-02 4.291745936782845328e-01 3.651192986200491042e+00 3.594050184685500249e-02 9.992232467165139687e-01 1.616117410017288425e-02 -6.073047896692231884e-01 -4.294779473345504694e-01 8.415227377276643687e-04 9.030769538598483193e-01 7.490764287899578733e+01
8.883177580604602053e-01 -4.311049009361141854e-02 4.572013192876042131e-01 4.111521008461791915e+00 4.094635887284567288e-02 9.990539926305900265e-01 1.464634780156353656e-02 -5.952115877626824592e-01 -4.574002147020634901e-01 5.710118453829939045e-03 8.892426205135185446e-01 7.575957297407977364e+01
8.727965902246405117e-01 -4.195086398526553378e-02 4.862779422337910051e-01 4.610433333729776706e+00 3.910567042817073014e-02 9.991069199934632383e-01 1.600340468555965304e-02 -5.813107771416452518e-01 -4.865150137792297880e-01 5.048507903942026954e-03 8.736576297013263215e-01 7.658946831668686173e+01
8.555938609769310199e-01 -3.835975928494633064e-02 5.162244414265843018e-01 5.123479094838620185e+00 3.410471794149864955e-02 9.992610201382419177e-01 1.772799611918152857e-02 -5.587924240033549372e-01 -5.165230036239615297e-01 2.437724322366653391e-03 8.562698431145460143e-01 7.741051033223865829e+01
8.366233431322559477e-01 -3.693181631814338589e-02 5.465321789882561232e-01 5.669022767310525346e+00 3.197931435403082723e-02 9.993159098579825761e-01 1.857513817305072451e-02 -5.280700722968816319e-01 -5.468443153034090454e-01 1.937330158977627198e-03 8.372320715143447556e-01 7.818520581156136018e+01
8.157701360156982551e-01 -3.290428648962755859e-02 5.774395146814409463e-01 6.223568247920310270e+00 3.133648125294051512e-02 9.994284539520855715e-01 1.268031441318713537e-02 -5.656493641243619530e-01 -5.775267181071483957e-01 7.750700712954590454e-03 8.163349903751797587e-01 7.895317843731865537e+01
7.947447664167170966e-01 -3.021927480397591445e-02 6.061910191379943358e-01 6.845502050975252217e+00 3.455615103460281390e-02 9.993925542960865327e-01 4.516065013559670410e-03 -5.472806835148006366e-01 -6.059592632173487203e-01 1.735850937882819217e-02 7.953062639469360429e-01 7.971685318056704261e+01
7.733810493902547600e-01 -2.948726711206708234e-02 6.332552830591233750e-01 7.482597680245197225e+00 3.612601510924808718e-02 9.993443265617760751e-01 2.414125329346957730e-03 -5.390743857689818119e-01 -6.329112603488384892e-01 2.100995114323522123e-02 7.739392214357688760e-01 8.045909047884777010e+01
7.514786952847090085e-01 -3.076917791965320600e-02 6.590394739492776432e-01 8.139229310209428192e+00 3.602359717422929514e-02 9.993353584279300872e-01 5.580487643444312883e-03 -5.310199126261888614e-01 -6.587731559344390808e-01 1.954735495811697060e-02 7.520876477740617849e-01 8.112762245226122104e+01
7.278041034504617590e-01 -3.033380761066131401e-02 6.851138935363302318e-01 8.803972565003578055e+00 3.611412281668421875e-02 9.993303649181328741e-01 5.881486696499435389e-03 -5.436276458967983505e-01 -6.848335251240639243e-01 2.046171714248635337e-02 7.284122191436176452e-01 8.178801810772135639e+01
7.046018042218119559e-01 -3.063175414266587973e-02 7.089414595899380389e-01 9.560119124347457031e+00 3.999152132617740663e-02 9.991941450055833451e-01 3.426194473104193002e-03 -5.258020412123484144e-01 -7.084751059207275992e-01 2.593754469283853295e-02 7.052590077878633235e-01 8.241325073086949260e+01
6.808228451598942188e-01 -3.053491381491847678e-02 7.318113640458878688e-01 1.032955016372647705e+01 4.264856727473431003e-02 9.990881140100312807e-01 2.010013253544558343e-03 -5.354915828532230693e-01 -7.312054110971826226e-01 2.984224324983908785e-02 6.815042826718100688e-01 8.302224432103409413e+01
6.546859590348885760e-01 -2.830528527010373746e-02 7.553708399642835580e-01 1.107706321833241248e+01 4.335499333168323088e-02 9.990597205094101652e-01 -1.393156736384117253e-04 -5.265650752897319542e-01 -7.546566368857949847e-01 3.284030574500431537e-02 6.552975467089715567e-01 8.365796104654560850e+01
6.271930410921009447e-01 -2.810029930360943839e-02 7.783567706294399757e-01 1.187380447653863058e+01 4.654861181135173248e-02 9.989149799240810701e-01 -1.445552384599973301e-03 -4.896854788176642215e-01 -7.774716174524178847e-01 3.713806756292264283e-02 6.278205539751096076e-01 8.430801609451820866e+01
6.004839555785430605e-01 -2.460718585884826351e-02 7.992580969229245991e-01 1.272814324541602460e+01 4.974208375059252507e-02 9.987401397423295579e-01 -6.622565334430445538e-03 -5.383432726247829869e-01 -7.980881807149482476e-01 4.373350742357572790e-02 6.009514424074018368e-01 8.487938811838139941e+01
5.726912886303071604e-01 -2.090848120540340915e-02 8.195044376576883227e-01 1.356759036569398980e+01 5.555590139772647457e-02 9.983662979039942265e-01 -1.335204214137497569e-02 -5.895637834921504394e-01 -8.178864406180392788e-01 5.317490595330015557e-02 5.729172711919346961e-01 8.539688919227570807e+01
5.411675526913817258e-01 -1.716078285267410436e-02 8.407396668683512209e-01 1.437095696799154432e+01 6.334693980928138290e-02 9.977828631231536738e-01 -2.040890184569913585e-02 -5.748611218751880081e-01 -8.385253992162794434e-01 6.430292053734044944e-02 5.410547932322087306e-01 8.597089990995658582e+01
5.109627429242387109e-01 -1.155362921982625371e-02 8.595252113784628278e-01 1.524581510426152064e+01 6.488349513191490892e-02 9.975755622867860106e-01 -2.516206644248310600e-02 -5.958983920629786768e-01 -8.571506328544628017e-01 6.862587835532582559e-02 5.104735854254893734e-01 8.648260153187709420e+01
4.789933382752510349e-01 -5.512827929068581274e-03 8.778012250026525631e-01 1.605785439811084458e+01 6.111353442237065642e-02 9.977633534516836544e-01 -2.708184667341990981e-02 -6.282867974365199393e-01 -8.756885963619359670e-01 6.661755952495876376e-02 4.782589078779416747e-01 8.693555525872044143e+01
4.461698524383529985e-01 2.205571987845566118e-03 8.949455839476202490e-01 1.683137020186288169e+01 5.503881641333721597e-02 9.980364640507274343e-01 -2.989891491217916419e-02 -6.559862206747435476e-01 -8.932542703300995202e-01 6.259674014925399599e-02 4.451723898218857833e-01 8.734709741474641476e+01
4.136582521907112842e-01 9.819155049875087984e-03 9.103792806235401214e-01 1.768886606826802677e+01 5.139988950971662723e-02 9.980951130105183422e-01 -3.412032741483753823e-02 -7.029712236418309557e-01 -9.089801437616312763e-01 6.090754943858203013e-02 4.123655764833813464e-01 8.770503197694110042e+01
3.792613392578670917e-01 2.022610881450558062e-02 9.250685061478173266e-01 1.854279604486375987e+01 4.831367931661353921e-02 9.979643908620923209e-01 -4.162767063061394851e-02 -7.328356581660416813e-01 -9.240273940393873842e-01 6.048122926547675610e-02 3.775121136749337580e-01 8.807318359358971804e+01
3.438813402416441845e-01 2.762196800639916613e-02 9.386067604258270247e-01 1.936565227153811009e+01 4.738706053597718099e-02 9.977831702460047136e-01 -4.672485064265752969e-02 -7.501225894886232037e-01 -9.378166613615750435e-01 6.054561963736423968e-02 3.418100899847123508e-01 8.837790362846298819e+01
3.089270944595193247e-01 3.285191072958865838e-02 9.505181756653666714e-01 2.017260504181952285e+01 4.448330031143334085e-02 9.978104677520135413e-01 -4.894391114221162409e-02 -7.961526164010621631e-01 -9.500448864670569815e-01 5.740228572024711623e-02 3.067893272131361204e-01 8.862787979461208465e+01
2.730648230729577630e-01 3.698553437555366502e-02 9.612843869776992456e-01 2.098461596735046797e+01 4.292758682608958237e-02 9.977967897672866959e-01 -5.058447014026212774e-02 -8.464612073173787277e-01 -9.610373690390107138e-01 5.507845837564012692e-02 2.708755041223546711e-01 8.886001536487954411e+01
2.369371805727298053e-01 3.921991739118324549e-02 9.707330068263240186e-01 2.187942722259833417e+01 4.262990990634567962e-02 9.978027362924637433e-01 -5.071873646527610968e-02 -8.932696605550404234e-01 -9.705892350750769948e-01 5.339941504441684389e-02 2.347446255599718867e-01 8.909471173417865941e+01
2.010788628212900608e-01 3.965062913528111244e-02 9.787722505954460361e-01 2.270163651893084733e+01 4.123219870292423733e-02 9.979523314391990363e-01 -4.889836362471160908e-02 -9.538119474355731819e-01 -9.787069003111298349e-01 5.018935927293964594e-02 1.990322373364481201e-01 8.928467521753448466e+01
1.659963610201658224e-01 3.245113827949362706e-02 9.855922746006228197e-01 2.361424825979525721e+01 4.317734706044993459e-02 9.982607235724658690e-01 -4.014030983168085515e-02 -1.001447801610284793e+00 -9.851806559351868886e-01 4.921840506281138783e-02 1.643064934023870938e-01 8.943910602512879393e+01
1.334719309766600193e-01 3.155375017855287234e-02 9.905501524360252885e-01 2.461012965583866219e+01 4.734235714107962179e-02 9.981489734157514837e-01 -3.817496678967145091e-02 -1.038857234289991549e+00 -9.899211811359978075e-01 5.199026561516555123e-02 1.317310419740779226e-01 8.954135114351612401e+01
9.978018025353370402e-02 3.458723245430047472e-02 9.944081852940100941e-01 2.560048082741451836e+01 5.173316566068288103e-02 9.978636169617823848e-01 -3.989838987550906740e-02 -1.102422280847691560e+00 -9.936637233990669449e-01 5.542495191775924368e-02 9.777770454258674637e-02 8.967845448660909824e+01
7.045002393074936697e-02 3.061556555451110800e-02 9.970453757346934287e-01 2.652627629128480180e+01 5.651494579879329933e-02 9.978009232616599222e-01 -3.463204353663225377e-02 -1.142877217945756030e+00 -9.959130760410354055e-01 5.878779366451134664e-02 6.856486189399477182e-02 8.973754008833473961e+01
4.419831326242610464e-02 3.195644971083903135e-02 9.985115394559229696e-01 2.738478394723918186e+01 5.439054557044508548e-02 9.979288877703307303e-01 -3.434535639653400751e-02 -1.188995845080317526e+00 -9.975410656495836692e-01 5.582759421051755599e-02 4.236864486102991795e-02 8.978997466679311401e+01
2.176164728912988525e-02 3.209757884806581363e-02 9.992478051711485287e-01 2.827940382207504655e+01 5.134766997842370173e-02 9.981295058671921794e-01 -3.317990815367992397e-02 -1.231825320159539716e+00 -9.984437127324963246e-01 5.203109598491977711e-02 2.007280636975765364e-02 8.982402823059571517e+01
1.562674941576130657e-03 3.380729650033331701e-02 9.994271482956456065e-01 2.917371151919138583e+01 4.836485158639075577e-02 9.982562153708997021e-01 -3.384330959555726520e-02 -1.285801045476665960e+00 -9.988285133985986830e-01 4.839003179057504295e-02 -7.513490474391046250e-05 8.984930853022849817e+01
-1.477247574829888138e-02 3.347910029445392427e-02 9.993302376110415608e-01 3.006859517529193937e+01 5.113205061057696232e-02 9.981569383034002430e-01 -3.268393974302465782e-02 -1.331745780008229962e+00 -9.985826392245282790e-01 5.061498157899643052e-02 -1.645710421473687429e-02 8.982903408800468981e+01
-2.997193530352355861e-02 3.169167776533116099e-02 9.990482073726875134e-01 3.102556082197832055e+01 5.498200401153808398e-02 9.980362587318941658e-01 -3.001008982499908662e-02 -1.375713822762655525e+00 -9.980374052754927838e-01 5.403021207479870996e-02 -3.165555013131000212e-02 8.980959752166056376e+01
-4.206744495099951769e-02 2.809788506420523094e-02 9.987195997527108515e-01 3.201856833398991853e+01 5.944796640660671150e-02 9.979038371233504012e-01 -2.557090425850034807e-02 -1.412998305419626455e+00 -9.973446091323777685e-01 5.829614660847855234e-02 -4.364962686197255970e-02 8.975672623647281512e+01
-5.195065144275728269e-02 2.365670315888446576e-02 9.983694157025885252e-01 3.301232331553013211e+01 6.273952907299017168e-02 9.978218508276055498e-01 -2.037904567580066384e-02 -1.438854621323139904e+00 -9.966769192202530325e-01 6.157852228341861162e-02 -5.332170558992113674e-02 8.971164950247643333e+01
-5.887423362058621934e-02 2.028777676431597551e-02 9.980592320747063706e-01 3.402451719977990763e+01 6.714965641671956365e-02 9.976094730919010667e-01 -1.631756233022665578e-02 -1.475726859354973719e+00 -9.960043916864560476e-01 6.605865054060464092e-02 -6.009581042010681690e-02 8.965515335035823341e+01
-6.282360644675746841e-02 1.854123273477784398e-02 9.978524024933246306e-01 3.503467162785069178e+01 7.130716463666977867e-02 9.973555504689164408e-01 -1.404258595518485982e-02 -1.508293165334311459e+00 -9.954739990298611119e-01 7.027181965414602827e-02 -6.397959532533541160e-02 8.960103618837617034e+01
-6.548898039161660245e-02 1.622371362717672794e-02 9.977213962642131895e-01 3.600060804394588843e+01 7.502549924448345675e-02 9.971177089150015105e-01 -1.128933262863460879e-02 -1.528743568284439691e+00 -9.950288276780651087e-01 7.411521897847594964e-02 -6.651741430174815117e-02 8.952873589915755304e+01
-6.735819762186454063e-02 1.657096067725013361e-02 9.975912371684947377e-01 3.692960497610319237e+01 7.808991181276633831e-02 9.968824307856806177e-01 -1.128649032663192608e-02 -1.536346752188679332e+00 -9.946682054264176509e-01 7.714157408979897823e-02 -6.844222863656733435e-02 8.944279991261532814e+01
-6.904283946275519002e-02 1.558160514792494150e-02 9.974920049303328540e-01 3.785744848075117375e+01 8.165378804940597035e-02 9.966114240450085759e-01 -9.916065759597268714e-03 -1.553157924788691080e+00 -9.942664357284243248e-01 8.076436741521771101e-02 -7.008117964130707034e-02 8.935387893321571084e+01
-7.083906369669314140e-02 1.539970080869410007e-02 9.973688767299588864e-01 3.877707267670112401e+01 8.598463835952774303e-02 9.962532861234139059e-01 -9.275335814191796452e-03 -1.557838487257510618e+00 -9.937748583158858562e-01 8.510134607212542501e-02 -7.189778769861839003e-02 8.927775947353237029e+01
-7.281402467739621354e-02 1.268831444190167933e-02 9.972648216431301282e-01 3.969713325658384662e+01 8.841797968348695524e-02 9.960640571365502183e-01 -6.217310459636153988e-03 -1.546136730333086851e+00 -9.934185314755165086e-01 8.772343334186477604e-02 -7.364930796515144207e-02 8.920792867935918480e+01
-7.603834554889900288e-02 1.309955489848929101e-02 9.970188421828589664e-01 4.061009622515862105e+01 8.746643831437550531e-02 9.961467959328028643e-01 -6.417407684884753050e-03 -1.552338359887532881e+00 -9.932611903093694350e-01 8.671771799498695366e-02 -7.689112569704309452e-02 8.916022574843994164e+01
-7.880638109401158498e-02 1.486800704827543652e-02 9.967790611089694108e-01 4.154369158168108100e+01 8.734222977979086422e-02 9.961466164179278993e-01 -7.953206661036616928e-03 -1.564628416254013166e+00 -9.930563373726394305e-01 8.643414236001603634e-02 -7.980131476692102488e-02 8.911317216675762154e+01
-8.111839608253401668e-02 1.573097792280645987e-02 9.965803239832652372e-01 4.249228306191037774e+01 8.883363270003837020e-02 9.960102835985967795e-01 -8.491211170561710833e-03 -1.574112962950014349e+00 -9.927378261748234234e-01 8.784105702586188225e-02 -8.219219660203661015e-02 8.903183589823308353e+01
-8.198824938029254661e-02 1.736189331455901055e-02 9.964820578535720230e-01 4.342904112755405777e+01 9.202425823184780251e-02 9.957087669554030018e-01 -9.776876035570645704e-03 -1.573075778644610789e+00 -9.923756661972497062e-01 9.089893326475689816e-02 -8.323413404905756485e-02 8.891868342008265813e+01
-8.427098542354272137e-02 1.914852499252873638e-02 9.962588694743733653e-01 4.436929682739562253e+01 9.472842763478672712e-02 9.954410435793457079e-01 -1.111997102019270274e-02 -1.580937860487360958e+00 -9.919298997477533630e-01 9.343694530676596721e-02 -8.570070733754049652e-02 8.884008546084766067e+01
-8.653549755373218799e-02 2.185316710532884954e-02 9.960090595725502594e-01 4.530934725575901467e+01 9.870652570318921848e-02 9.950282937854308951e-01 -1.325580439074223495e-02 -1.596805445032871473e+00 -9.913468764497800345e-01 9.716549621088059474e-02 -8.826231868334333264e-02 8.876025035261915264e+01
-8.765442987116131568e-02 2.559373567074081646e-02 9.958221033991860871e-01 4.626399908571200115e+01 1.033783914792626157e-01 9.945058904594722415e-01 -1.646031641731371398e-02 -1.615190744594152683e+00 -9.907722286676811096e-01 1.015036675978464031e-01 -8.981868605732491739e-02 8.864599633226190178e+01
-9.048883363393878110e-02 2.829290589099242581e-02 9.954954959535549097e-01 4.720159191512377816e+01 1.059145954712802928e-01 9.942007200708229409e-01 -1.862865203920804208e-02 -1.637553395116809307e+00 -9.902493976033140965e-01 1.037518177522030460e-01 -9.296069523938402246e-02 8.858291580322685377e+01
-9.275301209228359323e-02 3.040906918627787892e-02 9.952246817975497484e-01 4.813807594217764319e+01 1.047287895751350950e-01 9.942870311930505078e-01 -2.061989901580192977e-02 -1.662200362596973680e+00 -9.901660261703273402e-01 1.023161185372032517e-01 -9.540782203543692053e-02 8.849642191833574145e+01
-9.510225053106892423e-02 3.439972423650499572e-02 9.948729672256551027e-01 4.909213274153453455e+01 1.011050676927757463e-01 9.945684858571891551e-01 -2.472432459264017543e-02 -1.689142377516633875e+00 -9.903198105817971886e-01 9.823535978544307989e-02 -9.806368775984269925e-02 8.840264809505279686e+01
-9.792274364975207812e-02 3.481865314086799584e-02 9.945847362942794589e-01 5.007576192816799932e+01 9.970085996567877584e-02 9.947031745408244641e-01 -2.500666072259396730e-02 -1.719374161627403197e+00 -9.901872927876879116e-01 9.671223268980400078e-02 -1.008755136291486915e-01 8.832499821727000722e+01
-9.910838608197994337e-02 3.473931848288287078e-02 9.944700636819442385e-01 5.105603493786417602e+01 9.992391482825442595e-02 9.946862527162074752e-01 -2.478850343947577514e-02 -1.752836395451819129e+00 -9.900468367979476936e-01 9.691459337333070689e-02 -1.020530378659127158e-01 8.821357583865554375e+01
-1.008639517031519189e-01 3.296042090730000318e-02 9.943540988503231093e-01 5.212055209599051864e+01 1.018734243938824308e-01 9.945398725847386379e-01 -2.263287965284203895e-02 -1.798370916765338112e+00 -9.896707880144229863e-01 9.901541542976938226e-02 -1.036710126225380696e-01 8.811113218040992479e+01
-1.020015165329909018e-01 3.109649566964065026e-02 9.942980934217052758e-01 5.327801839818197749e+01 1.040095313362865148e-01 9.943664752138933194e-01 -2.042866520083541290e-02 -1.838063214230193809e+00 -9.893319503665980452e-01 1.013327238741262570e-01 -1.046612204021838133e-01 8.801902142703187337e+01
-1.027273543791028115e-01 3.170940925025996643e-02 9.942040052359829572e-01 5.447912179068382699e+01 1.042869069417926009e-01 9.943268333484478472e-01 -2.093775355060368409e-02 -1.890716303071087179e+00 -9.892276440247639302e-01 1.015315805463086474e-01 -1.054514411896999709e-01 8.792541560734161976e+01
-1.015189098083468938e-01 3.429102513063286839e-02 9.942424435452432707e-01 5.567639428386615918e+01 1.035934934724660611e-01 9.943369182605946710e-01 -2.371668387817875076e-02 -1.921276437189976871e+00 -9.894252367215503607e-01 1.005893561938723396e-01 -1.044963270120430748e-01 8.778474431675456913e+01
-1.013056203454055781e-01 3.664647314789459126e-02 9.941801684263543715e-01 5.691589117769615314e+01 1.039351854312208362e-01 9.942426574915823601e-01 -2.605792112655121520e-02 -1.938862816751539819e+00 -9.894112635885096152e-01 1.006904862928001132e-01 -1.045312271730779313e-01 8.770860667839858138e+01
-1.007083421143068480e-01 3.951825324697770536e-02 9.941308452557422459e-01 5.815130323983604654e+01 1.051761376785887159e-01 9.940347543513752271e-01 -2.885978524867196734e-02 -1.992482847908786159e+00 -9.893410988590353172e-01 1.016524215249825780e-01 -1.042639693590526467e-01 8.759310473247266771e+01
-9.958780182459714414e-02 4.328486279274872117e-02 9.940868625933845237e-01 5.934674078084243121e+01 1.062451408573269473e-01 9.938044698637977792e-01 -3.262890931254557036e-02 -2.031790804436250042e+00 -9.893403053408632575e-01 1.023674573862833614e-01 -1.035696089416023036e-01 8.747029768298395425e+01
-9.971823795646045374e-02 4.739152569794150699e-02 9.938864705341758921e-01 6.047207820127490407e+01 1.060571504754870414e-01 9.936810309159179733e-01 -3.674084417759247018e-02 -2.093923388397788798e+00 -9.893473373147975147e-01 1.017450347185729631e-01 -1.041143316659058765e-01 8.737378617528885627e+01
-9.888007749369889798e-02 4.760205456609984537e-02 9.939601474284206484e-01 6.158129095191929991e+01 1.014539750146871561e-01 9.941325477432737534e-01 -3.751757549696355110e-02 -2.117554078975468990e+00 -9.899140473942978913e-01 9.713146719028388498e-02 -1.031293210144620109e-01 8.723189140150802245e+01
-9.975120048131687345e-02 4.288199356483013425e-02 9.940879400890266782e-01 6.267815514283132927e+01 9.145795210713840440e-02 9.952367022822713460e-01 -3.375425049769700814e-02 -2.173958029300293582e+00 -9.908002528254143959e-01 8.755022020645536474e-02 -1.031979551294362057e-01 8.712310012155363381e+01
-1.001306706759017284e-01 3.783438220273776381e-02 9.942546999201631319e-01 6.377446177469162336e+01 8.542859748868496250e-02 9.959135570421103756e-01 -2.929405453041114202e-02 -2.205423622192050903e+00 -9.913000572587046255e-01 8.200455123376809707e-02 -1.029536306102819820e-01 8.699961049885368425e+01
-1.005013679141735783e-01 2.900718162150775145e-02 9.945139810288042836e-01 6.487639220155811870e+01 8.592317656305344109e-02 9.960935005701371248e-01 -2.037021971472952400e-02 -2.249341968929646551e+00 -9.912197953918671089e-01 8.340456544032225084e-02 -1.026011485657795930e-01 8.687727613509034086e+01
-9.970828929214643754e-02 2.339322690578073127e-02 9.947416820367850354e-01 6.598411831997738375e+01 9.078202091455143952e-02 9.957678572547519202e-01 -1.431779092358027861e-02 -2.269051385644314411e+00 -9.908667325756292943e-01 8.887705774380832979e-02 -1.014099939931988742e-01 8.673362441006403856e+01
-9.979783653064240589e-02 2.033967641606780272e-02 9.947998237771742414e-01 6.712045258433263939e+01 9.554647089025487816e-02 9.953667480693073610e-01 -1.076609206402547730e-02 -2.294580065024024229e+00 -9.904096444018611889e-01 9.397517970827859446e-02 -1.012788323124647477e-01 8.662393284407917804e+01
-1.002462439818088968e-01 1.943954643667498636e-02 9.947727351520445627e-01 6.828708408384834172e+01 1.006336029508605318e-01 9.948800826166122047e-01 -9.300492990851323347e-03 -2.296166929886740427e+00 -9.898603782982065002e-01 9.917522496612195260e-02 -1.016892630922821700e-01 8.653649458419643281e+01
-9.964093281837441141e-02 2.294224149087543962e-02 9.947589346482206274e-01 6.945853303216323127e+01 9.853089156688395189e-02 9.950480344185687054e-01 -1.307947272482252489e-02 -2.311979692959391652e+00 -9.901329950638547706e-01 9.671123386194056815e-02 -1.014080338571966972e-01 8.642748757980146479e+01
-9.889466666913590553e-02 2.338540051876517034e-02 9.948230837425221518e-01 7.064074637325792594e+01 9.414827052732119284e-02 9.954591651922694018e-01 -1.404113924887649342e-02 -2.329441109595717041e+00 -9.906341141214121127e-01 9.227227902934390102e-02 -1.006472973388580772e-01 8.629621233446002293e+01
-9.848928493492027647e-02 2.618453858094592010e-02 9.947935618470371555e-01 7.180801408630689764e+01 9.267630313995983693e-02 9.955506584409806736e-01 -1.702907261192733099e-02 -2.351379091937079835e+00 -9.908132839184778939e-01 9.051660851476442393e-02 -1.004777587014507589e-01 8.618577434748350186e+01
